1.005646091
1.004998781
1.006940710
1.004351471
1.003704161
1.003542334
1.004189644
1.004998781
1.007749847
1.007264365
1.007911674
1.008397157
1.009044466
1.008073502
1.008397157
1.007588020
1.006617055
1.005807918
1.002733197
1.006131573
1.002085887
1.003218679
1.001924060
1.001438578
1.002895024
1.005322436
1.006778882
1.006778882
1.006293400
1.005807918
1.006940710
1.011310050
1.010986396
1.009044466
1.009368121
1.008720812
1.009044466
1.005807918
1.001438578
0.999820303
0.998040202
0.999820303
1.001114923
1.000467613
0.998040202
1.001438578
0.998202029
1.000629440
1.005646091
1.004189644
1.007426192
1.005646091
1.006131573
1.003865989
1.005322436
1.000791268
1.004351471
1.006617055
1.006778882
1.002571369
1.003056852
1.005160608
1.006131573
1.003056852
1.006617055
1.004189644
1.005969745
1.007102537
1.008073502
1.004998781
1.004351471
1.004836953
1.004189644
1.005160608
1.004513299
1.003542334
1.005160608
1.007102537
1.004027816
1.004351471
1.004189644
1.005646091
1.006455228
1.006617055
1.004513299
1.003380507
1.006778882
1.004027816
1.005322436
1.005484263
1.004836953
1.007426192
1.007588020
1.007426192
1.004351471
1.004027816
1.003704161
1.003865989
1.001762232
1.006617055
1.002895024
1.006940710
1.005484263
1.002409542
1.003542334
0.999982131
1.004189644
1.001276750
1.001924060
1.003218679
1.003865989
1.003218679
1.001600405
1.003056852
1.000791268
1.005484263
1.005160608
1.007102537
1.005646091
1.007102537
1.004998781
1.006293400
1.006778882
1.006293400
1.005484263
1.008073502
1.005484263
1.004836953
1.003542334
1.002085887
1.000467613
1.000953095
1.001276750
1.002409542
1.000953095
1.000629440
1.000791268
1.000953095
0.999334821
0.996260100
0.998040202
1.002247715
1.003056852
1.003704161
1.004027816
1.007426192
1.006131573
1.006940710
1.009206294
1.008882639
1.010015431
1.008882639
1.010339086
1.006940710
1.006778882
1.006617055
1.006293400
1.006778882
1.004513299
1.004836953
1.006131573
1.002571369
1.004513299
1.004189644
1.002247715
1.006131573
1.004998781
1.005322436
1.005322436
1.003865989
1.000953095
1.005160608
1.000305786
1.002085887
1.005160608
1.005484263
1.003704161
1.006131573
1.007264365
1.009368121
1.005807918
1.008235329
1.007749847
1.008882639
1.006778882
1.007264365
1.004675126
1.006940710
1.005807918
1.003704161
1.005969745
1.003380507
1.004351471
1.001600405
0.999334821
0.998363856
0.998363856
0.996260100
0.998849339
1.001762232
1.002895024
1.005322436
1.004675126
1.004998781
1.004836953
1.004998781
1.006131573
1.006778882
1.005807918
1.005807918
1.007588020
1.010177258
1.010339086
1.009368121
1.007911674
1.007426192
1.007911674
1.008558984
1.004836953
1.004189644
1.005646091
1.006778882
1.005969745
1.004027816
1.003542334
1.003865989
1.001600405
0.999496648
0.995936445
0.994803653
0.998040202
0.999496648
1.002409542
1.002895024
1.006617055
1.007749847
1.006778882
1.006617055
0.999982131
1.000629440
1.001438578
1.005160608
1.007911674
1.008073502
1.007749847
1.006778882
1.003218679
1.004513299
1.002895024
0.999658476
0.999658476
0.999334821
1.000305786
0.999496648
1.002571369
1.002247715
1.005484263
1.008073502
1.007911674
1.006131573
1.006617055
1.006131573
1.004513299
1.003865989
1.004675126
1.003865989
1.008235329
1.006455228
1.004351471
1.003218679
1.002895024
0.999982131
0.999820303
0.997878374
0.999982131
0.998363856
1.000953095
1.003380507
1.002895024
1.003218679
1.004189644
1.005322436
1.003704161
1.003704161
1.006131573
1.006778882
1.007426192
1.006940710
1.006131573
1.007426192
1.009044466
1.006617055
1.006455228
1.002571369
1.002085887
1.001924060
1.000791268
1.001276750
1.003865989
1.006455228
1.007426192
1.010177258
1.010339086
1.008073502
1.007911674
1.005484263
1.001924060
1.001600405
1.002571369
1.001438578
1.004675126
1.002895024
1.001600405
1.001276750
1.002247715
1.000629440
0.998849339
1.000953095
0.998363856
0.997231065
0.999172994
1.004351471
1.007749847
1.009853604
1.008882639
1.009853604
1.010986396
1.005322436
1.001276750
1.000953095
0.998202029
0.999658476
1.004513299
1.006131573
1.008073502
1.009044466
1.006293400
1.006617055
0.999172994
1.001600405
0.998525684
0.996907410
1.000629440
0.999658476
1.002409542
1.002247715
1.001924060
1.001438578
1.003865989
1.001438578
1.004351471
1.000791268
1.003218679
1.001762232
1.005484263
1.004675126
1.007588020
1.010500913
1.012442842
1.011795533
1.010015431
1.007102537
1.007426192
1.004513299
1.003380507
1.001600405
1.005969745
1.006293400
1.009206294
1.008073502
1.007588020
1.008235329
1.004351471
1.005969745
1.004513299
1.002571369
1.000629440
1.002409542
1.000953095
1.001762232
1.002733197
1.002895024
1.003865989
1.005484263
1.002733197
1.002085887
0.999658476
1.001762232
1.004027816
1.005160608
1.007588020
1.007749847
1.012928325
1.012119188
1.008882639
1.005807918
1.000791268
0.999496648
0.998849339
0.998849339
1.000467613
1.000143958
1.000143958
0.999658476
0.999011166
0.997878374
0.998363856
0.994479998
0.994965481
0.995127308
0.996098273
0.997392892
0.999172994
0.999658476
1.002409542
1.002085887
1.003056852
1.002895024
1.001276750
0.999011166
1.000629440
1.002571369
1.002247715
1.004998781
1.009044466
1.007102537
1.008235329
1.004998781
1.002733197
0.999658476
0.999982131
1.002895024
1.004189644
1.006617055
1.009368121
1.007911674
1.009044466
1.010177258
1.008235329
1.005484263
1.007102537
1.004513299
1.005807918
1.003865989
1.003542334
1.002085887
1.003218679
1.005160608
1.006455228
1.006940710
1.008882639
1.006131573
1.005646091
1.004513299
1.004027816
1.003056852
1.006455228
1.009853604
1.009044466
1.008558984
1.009206294
1.010986396
1.005484263
1.000791268
1.000467613
0.995450963
0.997716547
0.996260100
0.997878374
1.000953095
1.000143958
1.002733197
1.004351471
1.004836953
1.001762232
1.000143958
1.001600405
1.001600405
1.001600405
1.000143958
1.001600405
1.003865989
1.004513299
1.004675126
1.004836953
1.000629440
1.002571369
1.001276750
1.000953095
0.996421927
1.004189644
1.002247715
1.006455228
1.002895024
1.004675126
1.004836953
1.004675126
1.001600405
0.998363856
1.003218679
0.999496648
1.004836953
1.007426192
1.003704161
1.006293400
1.004027816
1.007588020
1.006778882
1.004998781
1.003865989
1.004027816
1.003704161
1.002895024
1.001276750
1.003380507
1.003542334
1.004189644
1.003865989
1.002895024
1.002409542
1.002247715
1.001276750
1.002247715
1.004027816
1.006293400
1.007264365
1.005322436
1.005969745
1.005807918
1.002733197
1.001762232
0.999820303
1.000143958
0.999982131
0.999658476
1.000305786
1.002571369
1.004836953
1.005646091
1.007426192
1.009691776
1.010986396
1.008235329
1.008235329
1.004998781
1.004189644
1.004189644
1.004351471
1.007588020
1.005969745
1.004027816
1.004675126
1.005322436
0.999982131
0.996260100
0.995289135
0.997554719
1.000467613
1.001438578
1.003865989
1.004351471
1.008558984
1.003865989
1.000791268
0.997878374
0.999172994
0.999334821
0.998849339
0.998040202
1.001600405
1.000953095
1.005160608
1.006293400
1.007264365
1.005807918
1.003380507
1.004351471
1.002571369
0.999011166
1.000791268
0.999334821
1.001600405
1.004351471
1.006293400
1.005807918
1.004351471
1.002409542
1.000953095
0.998363856
0.999496648
0.999982131
1.001600405
1.003704161
1.003218679
1.002733197
1.003865989
1.002571369
1.004351471
1.002571369
1.004513299
1.002733197
1.004513299
1.006778882
1.004675126
1.006778882
1.007588020
1.008558984
1.011310050
1.010500913
1.008235329
1.005322436
1.004836953
1.003865989
1.001276750
1.001438578
1.001276750
1.001600405
1.006293400
1.004189644
1.000629440
1.000629440
1.000629440
0.999496648
0.999011166
1.000143958
1.002085887
1.005484263
1.004351471
1.004836953
1.003542334
1.002085887
1.001438578
0.998040202
0.995936445
0.995936445
0.994803653
0.993185379
0.997716547
1.000791268
1.000791268
1.003704161
1.008073502
1.006617055
1.004027816
1.004189644
1.001114923
1.000467613
0.999334821
1.004513299
1.003865989
1.002571369
1.003542334
1.002571369
1.000305786
0.997878374
0.996260100
0.998040202
1.000143958
1.004189644
1.011148223
1.007749847
1.010015431
1.008720812
1.008558984
1.007588020
1.004189644
1.004675126
1.004351471
1.003056852
1.004675126
1.006293400
1.006940710
1.007911674
1.010986396
1.009044466
1.010824568
1.006778882
1.005969745
1.004513299
1.004189644
1.002571369
1.006455228
1.005646091
1.011148223
1.007749847
1.007426192
1.006131573
1.001600405
0.999658476
0.999334821
0.998040202
0.999982131
1.002409542
1.002895024
1.005160608
1.004027816
1.000629440
0.999820303
0.999172994
0.999982131
0.997554719
0.999334821
0.997716547
0.998687511
0.997392892
0.999011166
1.000629440
1.002247715
1.003542334
1.005322436
1.002895024
1.001276750
0.998525684
0.997069237
0.998040202
0.998687511
1.000143958
1.003704161
1.003380507
1.002733197
1.002409542
0.999011166
1.000467613
1.000143958
1.000467613
1.002409542
1.004189644
1.005646091
1.005969745
1.005969745
1.010339086
1.006455228
1.003704161
1.002571369
1.002085887
1.000305786
0.998040202
1.003542334
1.005322436
1.008397157
1.009691776
1.009529949
1.009691776
1.006940710
1.004027816
1.001276750
1.001762232
1.001438578
1.007749847
1.004836953
1.007749847
1.011310050
1.007102537
1.007102537
1.003865989
1.001924060
1.003056852
1.003056852
1.003542334
1.004998781
1.007911674
1.006455228
1.008235329
1.004675126
1.005646091
1.000629440
0.998849339
0.999011166
0.996583755
0.997069237
0.996745582
0.999658476
1.003380507
1.005807918
1.002571369
1.002733197
1.003865989
1.003380507
1.000629440
0.999820303
0.997878374
1.003704161
1.001438578
1.002733197
1.004675126
1.005322436
1.003542334
1.001762232
0.999334821
0.998687511
1.000305786
1.000305786
1.000953095
1.004836953
1.003704161
1.004998781
1.003056852
1.005322436
1.004027816
1.003380507
0.999011166
0.997716547
0.997554719
0.996745582
0.997069237
0.998849339
1.000953095
1.003056852
1.004027816
1.005484263
1.002247715
1.000953095
1.002409542
0.998849339
1.000953095
1.001924060
1.005322436
1.006455228
1.010339086
1.011310050
1.006455228
1.006131573
1.005484263
1.002733197
1.004675126
1.003865989
1.005646091
1.006455228
1.006293400
1.006778882
1.008073502
1.005160608
1.004836953
1.002733197
1.000467613
0.998849339
0.999658476
1.000467613
1.002571369
1.005160608
1.006293400
1.007264365
1.009691776
1.009853604
1.003380507
1.002571369
1.002571369
0.999820303
1.001600405
1.002085887
1.003704161
1.004836953
1.003865989
1.002247715
1.000305786
0.998040202
0.998363856
0.998202029
1.001276750
1.001924060
1.003218679
1.006293400
1.006293400
1.004513299
1.004351471
1.003218679
1.000791268
0.998363856
0.995450963
0.994803653
0.993994516
0.995936445
0.999011166
1.000629440
0.999982131
1.001600405
1.000953095
1.000953095
0.998525684
0.999496648
0.999658476
1.002571369
1.002409542
1.004027816
1.006778882
1.005807918
1.005807918
1.004513299
1.004675126
1.002895024
1.004675126
1.003704161
1.005160608
1.005646091
1.005322436
1.006131573
1.007264365
1.009206294
1.004836953
1.007911674
1.004513299
1.006617055
1.001600405
1.007102537
1.002247715
1.003542334
1.006940710
1.006131573
1.007102537
1.007102537
1.005322436
1.004189644
1.004998781
0.998363856
1.000791268
1.002247715
1.005646091
1.005484263
1.006617055
1.006455228
1.007102537
1.005807918
1.004836953
1.004189644
1.003542334
1.003542334
1.005807918
1.006131573
1.005484263
1.004189644
1.003865989
1.006778882
1.002247715
1.000467613
1.001114923
0.995289135
0.998040202
0.997878374
0.999172994
1.001762232
1.002733197
1.005322436
1.007264365
1.004027816
1.001924060
1.000791268
1.000791268
1.001600405
1.002409542
1.004189644
1.005646091
1.003380507
1.004675126
1.002733197
1.001924060
1.001600405
0.999982131
1.001762232
1.002895024
1.005969745
1.008235329
1.009044466
1.012604670
1.010662741
1.010339086
1.009206294
1.008720812
1.006940710
1.003218679
1.002571369
1.003704161
1.003865989
1.004027816
1.008235329
1.009691776
1.007749847
1.004675126
1.004675126
1.004027816
1.004836953
1.003218679
1.003865989
1.007588020
1.006940710
1.007264365
1.006131573
1.006293400
1.001924060
0.999658476
1.000953095
0.999982131
1.000467613
1.003865989
1.002733197
1.001114923
1.002409542
1.001114923
1.004351471
1.004513299
1.002571369
1.001276750
1.002247715
1.001276750
0.999011166
0.999658476
1.001762232
1.004836953
1.004998781
1.003704161
1.000629440
1.003056852
0.997392892
0.995289135
0.995289135
0.995936445
0.998363856
1.000143958
1.006617055
1.004027816
1.004027816
1.003056852
1.000629440
0.999334821
1.002085887
1.001114923
1.002571369
1.004836953
1.005160608
1.004675126
1.003380507
1.002409542
1.003542334
1.003704161
1.000953095
0.999496648
1.000143958
0.999011166
1.002733197
1.004675126
1.005160608
1.007102537
1.013413807
1.013090152
1.010824568
1.007749847
1.005322436
1.003056852
1.004513299
1.004675126
1.005807918
1.006455228
1.007749847
1.005484263
1.003865989
0.999820303
0.996745582
1.001114923
1.000791268
1.000143958
1.003865989
1.004998781
1.005322436
1.006617055
1.007426192
1.006131573
1.006778882
1.006293400
1.002409542
1.000629440
1.001438578
0.997878374
0.998849339
0.997878374
1.001762232
1.000629440
1.001924060
1.003380507
1.001276750
0.998849339
0.996745582
0.997716547
1.001762232
1.001438578
1.004027816
1.004351471
1.005160608
1.002895024
1.001114923
0.997392892
0.998202029
0.996907410
0.996583755
1.000629440
0.997069237
1.000305786
0.999334821
0.999982131
1.003380507
1.005322436
1.003542334
1.005807918
1.001438578
1.004513299
1.001762232
1.002085887
1.003542334
1.005484263
1.008073502
1.006455228
1.006617055
1.005484263
1.004189644
1.001600405
0.997878374
1.000143958
1.002571369
1.005484263
1.009206294
1.006940710
1.007426192
1.006455228
1.004675126
1.006778882
1.004675126
1.001600405
1.000467613
1.000143958
0.999820303
0.999334821
1.000467613
1.002409542
1.006293400
1.006293400
1.004836953
1.003704161
1.002085887
0.999334821
1.000305786
0.998849339
1.004998781
1.002895024
1.006131573
1.006778882
1.004836953
1.005160608
1.003542334
1.003865989
0.999982131
1.000629440
0.999820303
0.999496648
1.002895024
1.002247715
1.001924060
0.999658476
1.000953095
1.002409542
1.004351471
1.004513299
1.000953095
1.000629440
1.002247715
1.000629440
1.001600405
1.003056852
1.000953095
0.999820303
0.999820303
1.000305786
0.998040202
0.993832689
0.995612790
0.997392892
0.999172994
1.000143958
1.004836953
1.004836953
1.008720812
1.008720812
1.006940710
1.003704161
1.007102537
1.004998781
1.005484263
1.007426192
1.002085887
1.006617055
1.005807918
1.000143958
1.000143958
0.999334821
1.001924060
1.001762232
1.000467613
1.000791268
1.000791268
1.003380507
1.004836953
1.005646091
1.007588020
1.005969745
1.004189644
1.004675126
1.002409542
0.998849339
0.999172994
0.999820303
1.005484263
1.004027816
1.007426192
1.009368121
1.009044466
1.005646091
1.004351471
1.003056852
1.004351471
1.005807918
1.006293400
1.007911674
1.005646091
1.007749847
1.007588020
1.007426192
1.003542334
1.002085887
1.000467613
0.999172994
0.999820303
1.000305786
0.998363856
0.997069237
1.000305786
1.000143958
1.003542334
1.002247715
1.001762232
0.999011166
0.999658476
1.001600405
0.999658476
1.003218679
1.005160608
1.008235329
1.008558984
1.005160608
1.007264365
1.002247715
1.002571369
1.002085887
1.001276750
1.001600405
1.003056852
1.002409542
1.001762232
1.004836953
1.004513299
1.002733197
1.005484263
1.004998781
1.001600405
1.002571369
1.001600405
1.002571369
0.999658476
0.999658476
1.003704161
1.002409542
1.004189644
1.001762232
1.002895024
1.001924060
0.999496648
0.998849339
1.002895024
1.004675126
1.007264365
1.008558984
1.010824568
1.007264365
1.006940710
1.005322436
1.005484263
1.003056852
1.003218679
1.002895024
1.004189644
1.004027816
1.002733197
1.004675126
1.002733197
1.004513299
1.002571369
1.003865989
1.000467613
1.001438578
1.006455228
1.004998781
1.005484263
1.006617055
1.008558984
1.005646091
1.003865989
0.999658476
0.997069237
0.997231065
0.995450963
0.996745582
0.999172994
1.001438578
1.002247715
1.004998781
1.003218679
1.004189644
1.001924060
1.001762232
1.000305786
1.000305786
1.004351471
1.002733197
1.004836953
1.003380507
1.004189644
1.005160608
1.001762232
1.001438578
0.999982131
0.999658476
0.999982131
1.001438578
1.002247715
1.000467613
1.003542334
1.004836953
1.003704161
1.006940710
1.003865989
1.003056852
0.999982131
1.000143958
0.999334821
0.999820303
1.004351471
1.005484263
1.006293400
1.006778882
1.005322436
1.004675126
1.000953095
0.998687511
0.998202029
0.999658476
1.000791268
1.002247715
1.003218679
1.005160608
1.008882639
1.009691776
1.008073502
1.007911674
1.005484263
1.004513299
1.001762232
1.000953095
1.002085887
1.008235329
1.004836953
1.006131573
1.005322436
1.002733197
0.999496648
0.998687511
0.994479998
0.993994516
0.994156344
0.997878374
1.004675126
1.004189644
1.005969745
1.006940710
1.004675126
1.003218679
1.002085887
1.003056852
0.999820303
1.001438578
1.000305786
1.003542334
1.004351471
1.005322436
1.005322436
1.006778882
1.004513299
1.001924060
0.998040202
0.999172994
0.999011166
0.999334821
1.004675126
1.006293400
1.009529949
1.010662741
1.010662741
1.008558984
1.002247715
1.000305786
0.999011166
1.000143958
0.998525684
1.001438578
1.003865989
1.003380507
1.003865989
1.003218679
1.001276750
0.998363856
0.996421927
0.997231065
0.996907410
0.997392892
1.000953095
1.003056852
1.008073502
1.010339086
1.011795533
1.011957360
1.007749847
1.004998781
1.002895024
1.001600405
1.001438578
1.002085887
1.003542334
1.006455228
1.006293400
1.005484263
1.004189644
0.999334821
0.999820303
0.995612790
0.998525684
0.996745582
1.001438578
1.001924060
1.007102537
1.008073502
1.007264365
1.003056852
1.005160608
1.003218679
0.999172994
0.998687511
0.998040202
0.998849339
0.996907410
0.998525684
1.002571369
1.002733197
1.003218679
1.004189644
1.004836953
0.999496648
1.000791268
0.996421927
0.998363856
1.002085887
1.006778882
1.008720812
1.007749847
1.010986396
1.007911674
1.006940710
1.000629440
0.998363856
0.996421927
0.999820303
0.999658476
1.004836953
1.004836953
1.005807918
1.002895024
1.003218679
1.001924060
0.999658476
0.997878374
0.997878374
1.000305786
0.998363856
0.999982131
1.003380507
1.006131573
1.006131573
1.004998781
1.004675126
1.002409542
1.002571369
1.002085887
0.999982131
1.003380507
1.004189644
1.005322436
1.008397157
1.004836953
1.005646091
1.003704161
1.001114923
0.999172994
1.000953095
1.000467613
1.002895024
1.003056852
1.002085887
1.006778882
1.005160608
1.004189644
1.002409542
1.003865989
1.002733197
1.002895024
0.998040202
0.997878374
0.998525684
0.997231065
0.998687511
1.000143958
0.999982131
1.002247715
1.001924060
1.001438578
1.001276750
0.999820303
1.000467613
1.002733197
1.006617055
1.004513299
1.007264365
1.006617055
1.006455228
1.006617055
1.003218679
1.002571369
1.003056852
1.003704161
1.004998781
1.006778882
1.005646091
1.005160608
1.001924060
1.002085887
1.001924060
1.001276750
1.001276750
1.003218679
1.001924060
1.002733197
1.002733197
1.002571369
1.005322436
1.007911674
1.006455228
1.006455228
1.004998781
1.007264365
1.003704161
1.003542334
1.003380507
1.002733197
1.005484263
1.004513299
1.001438578
1.004027816
0.997231065
0.999982131
1.002409542
1.001924060
1.004836953
1.005160608
1.009529949
1.008235329
1.007588020
1.005484263
1.005969745
1.004998781
1.006131573
1.003542334
1.003542334
1.001924060
0.999496648
0.998202029
0.997716547
0.998363856
0.999334821
1.000467613
1.000143958
1.002085887
1.001762232
1.003704161
1.002895024
1.006293400
1.002733197
1.004513299
1.006131573
1.006778882
1.002895024
1.002895024
0.999334821
0.999982131
0.998525684
0.999658476
1.000305786
0.999982131
1.003218679
1.001924060
1.001438578
1.002895024
1.004027816
1.003218679
1.007102537
1.005969745
1.007426192
1.009691776
1.006131573
1.002247715
1.000467613
1.000791268
0.998040202
0.998040202
0.999172994
0.998040202
1.002733197
1.000953095
1.001276750
0.999334821
0.999334821
1.003218679
1.001600405
1.005322436
1.005484263
1.003865989
1.005484263
1.005807918
1.007911674
1.009044466
1.006131573
1.010824568
1.012119188
1.014061117
1.011148223
1.008073502
1.008558984
1.005322436
1.006778882
1.006940710
1.006455228
1.006617055
1.004998781
1.005969745
1.006778882
1.006940710
1.006778882
1.005807918
1.001600405
1.001924060
1.000143958
1.000305786
1.001114923
1.000629440
1.001114923
1.000953095
1.001924060
0.997878374
0.998040202
0.995612790
0.998687511
0.999011166
1.002409542
1.004675126
1.010339086
1.010662741
1.009206294
1.005807918
1.006778882
1.005322436
1.003865989
1.001762232
1.001438578
0.997554719
0.996583755
0.998202029
0.995450963
0.997231065
0.997231065
0.998687511
0.998525684
0.997554719
0.998202029
0.999172994
0.999496648
1.003380507
1.007102537
1.006617055
1.008073502
1.007749847
1.007102537
1.002571369
1.003380507
0.999011166
1.001762232
0.999011166
1.000467613
1.003380507
1.001600405
1.004351471
1.004351471
1.005322436
1.004836953
1.002895024
1.005807918
1.004836953
1.003542334
1.005807918
1.004998781
1.004027816
1.005160608
1.006940710
1.008397157
1.006293400
1.005160608
1.003380507
1.000629440
0.998363856
0.998363856
1.001762232
1.005322436
1.003380507
1.005646091
1.006617055
1.006617055
1.005484263
1.001924060
1.003218679
1.002571369
1.002571369
1.003056852
1.003218679
1.003380507
1.008073502
1.002571369
1.004836953
1.005646091
1.002571369
1.002085887
1.000629440
0.999982131
0.999496648
0.999820303
1.001438578
1.000305786
1.002895024
1.003218679
1.003380507
1.001762232
1.001600405
0.999496648
0.999982131
1.000143958
0.999658476
1.000467613
1.000629440
0.999658476
0.999011166
0.998040202
0.996907410
0.996907410
0.995774618
1.001762232
0.999172994
1.000629440
1.004998781
1.005322436
1.010177258
1.006617055
1.010015431
1.011633705
1.008073502
1.009044466
1.007749847
1.006617055
1.007102537
1.006455228
1.005322436
1.004836953
1.010662741
1.007264365
1.005807918
1.006131573
1.003704161
1.000467613
1.000467613
0.999334821
1.001438578
1.003056852
1.002409542
1.002085887
1.003380507
1.003704161
1.002085887
1.002409542
1.002571369
1.003542334
1.001438578
1.003218679
1.005807918
1.007426192
1.003542334
1.005807918
1.006617055
1.008073502
1.008073502
1.000791268
1.000791268
0.999820303
0.997716547
0.997716547
1.000629440
1.002085887
1.003704161
1.001762232
1.001114923
1.000467613
1.000953095
0.998525684
1.000953095
1.002409542
1.005484263
1.006778882
1.004027816
1.004998781
1.004027816
1.000143958
0.997878374
1.000629440
0.998687511
1.002085887
1.000305786
1.001276750
1.003380507
1.003380507
1.006293400
1.008720812
1.010177258
1.007588020
1.008397157
1.007264365
1.003704161
1.001114923
1.002571369
1.002085887
1.001924060
1.005646091
1.004513299
1.003542334
1.004351471
1.003704161
1.003542334
1.001276750
0.998202029
1.001276750
0.999982131
1.000791268
1.002895024
1.001600405
1.005484263
1.003380507
1.003542334
1.003218679
1.002409542
1.003542334
1.002571369
1.001438578
0.998849339
1.001276750
1.000629440
1.004836953
1.001276750
1.002085887
1.003056852
1.000467613
1.003865989
1.002247715
1.005484263
1.008073502
1.010986396
1.010339086
1.010015431
1.013899289
1.010500913
1.011148223
1.009691776
1.008558984
1.005969745
1.005969745
1.004513299
1.001600405
1.001762232
0.996260100
0.995289135
0.994479998
0.994318171
0.991890760
0.993994516
0.993670861
0.993023552
0.993832689
0.993185379
0.997554719
0.998849339
1.002085887
1.004027816
1.002895024
1.003865989
1.003865989
1.005322436
1.004513299
1.006131573
1.005160608
1.005322436
1.004675126
1.004836953
1.003056852
1.003380507
1.003542334
1.008397157
1.008720812
1.007911674
1.009368121
1.006940710
1.005969745
1.004351471
1.003542334
1.004675126
1.000305786
0.998363856
0.996745582
0.995774618
0.995936445
0.994803653
0.995774618
0.996421927
0.995127308
0.999172994
1.000143958
1.000953095
1.004351471
1.004189644
1.004836953
1.005646091
1.006131573
1.010500913
1.009529949
1.009044466
1.013090152
1.010662741
1.010824568
1.008235329
1.009206294
1.008397157
1.005646091
1.004351471
1.005160608
1.003542334
1.001762232
1.002085887
1.002571369
1.005807918
1.006455228
1.007911674
1.004351471
1.003380507
1.002571369
0.998525684
0.998202029
1.000953095
0.996583755
1.000953095
0.999496648
0.998849339
1.002895024
1.000467613
0.999011166
1.003704161
1.006455228
1.001600405
1.004836953
1.009044466
1.008235329
1.008882639
1.005484263
1.010500913
1.008397157
1.007264365
1.009691776
1.010500913
1.007588020
1.008720812
1.004189644
1.003056852
1.002895024
1.002247715
1.001924060
1.001600405
1.000629440
1.001600405
0.998849339
0.998525684
1.000305786
0.999334821
1.001114923
1.004675126
1.003380507
1.002085887
1.005160608
1.001600405
1.002085887
1.000305786
0.998849339
0.999982131
1.000467613
0.998687511
0.997231065
0.999982131
1.004998781
1.006940710
1.014708426
1.011957360
1.015193909
1.009691776
1.011633705
1.009044466
1.007749847
1.008235329
1.008558984
1.009853604
1.007426192
1.005646091
1.002571369
1.000467613
0.997554719
0.999658476
0.997392892
1.002571369
1.001762232
1.003865989
1.003865989
1.000143958
1.004836953
1.002409542
1.000467613
1.003542334
1.003380507
1.000953095
0.999172994
0.999658476
1.002571369
1.000629440
1.002409542
1.000953095
1.004189644
1.004675126
1.003542334
1.002733197
1.003542334
1.002895024
1.005484263
1.007264365
1.009044466
1.008397157
1.011148223
1.011795533
1.007749847
1.004998781
1.006778882
1.003056852
1.004027816
1.001276750
1.000629440
0.999982131
0.998525684
0.997878374
0.996583755
0.998363856
0.997554719
0.999820303
0.999172994
0.998687511
1.000629440
0.999820303
0.998849339
1.006617055
1.005807918
1.008235329
1.004675126
1.007102537
1.002085887
1.004513299
1.002247715
1.003542334
1.008558984
1.006940710
1.009853604
1.010500913
1.011633705
1.010500913
1.009529949
1.007911674
1.005322436
1.005322436
1.010662741
1.009044466
1.006455228
1.009853604
1.005160608
1.003380507
1.001438578
1.001114923
0.997392892
0.997554719
0.994641826
0.993347206
0.998040202
0.996098273
0.994479998
0.999658476
0.998525684
1.000629440
1.002895024
1.003704161
1.004675126
1.006293400
1.007426192
1.004836953
1.008235329
1.010339086
1.010662741
1.010986396
1.010015431
1.009853604
1.009044466
1.006940710
1.007911674
1.005484263
1.007749847
1.007264365
1.008720812
1.004998781
1.001924060
1.001114923
0.999172994
0.999172994
0.997554719
0.994641826
0.994641826
0.996260100
0.996907410
0.993185379
0.992699897
0.995289135
0.997878374
0.998687511
1.003380507
1.000305786
1.002733197
1.005807918
1.004998781
1.005484263
1.007264365
1.011795533
1.013251980
1.014222944
1.012281015
1.008720812
1.006293400
1.010177258
1.005969745
1.005969745
1.005807918
1.010500913
1.004998781
0.999172994
0.998849339
1.000467613
1.002247715
0.999011166
1.002571369
0.997554719
0.999982131
0.995612790
0.996421927
0.997231065
0.999820303
0.998687511
0.998363856
1.000953095
1.001924060
0.998525684
1.000791268
0.998849339
1.002247715
1.003380507
1.005969745
1.004836953
1.007749847
1.009206294
1.009044466
1.007911674
1.011310050
1.007911674
1.011148223
1.009206294
1.006455228
1.007426192
1.005322436
1.003542334
1.005807918
1.001924060
0.999496648
0.999658476
0.997716547
0.998040202
0.999172994
0.994803653
0.996745582
0.998202029
0.998525684
0.999172994
1.001600405
1.000629440
1.001600405
1.006131573
1.002409542
1.004189644
1.007102537
1.006617055
1.005484263
1.005484263
1.005484263
1.006131573
1.003865989
1.005160608
1.009853604
1.004998781
1.009853604
1.009853604
1.008235329
1.008397157
1.007588020
1.007588020
1.009529949
1.009529949
1.006455228
1.007264365
1.002247715
0.998849339
0.996745582
0.997069237
0.996421927
0.995289135
0.997716547
0.996421927
0.994641826
0.999982131
0.997554719
0.996098273
1.000143958
0.999496648
1.006293400
1.006293400
1.007102537
1.007102537
1.009368121
1.004189644
1.004836953
1.006778882
1.005646091
1.006293400
1.008882639
1.004998781
1.009044466
1.012281015
1.005646091
1.005969745
1.004189644
1.008235329
1.007588020
1.001924060
0.999820303
1.000791268
0.997554719
1.001600405
0.998687511
1.001762232
1.002247715
1.000467613
1.001276750
1.001438578
0.997554719
0.996421927
0.997716547
0.999496648
1.000467613
1.001924060
1.002895024
1.005484263
1.004027816
1.000305786
1.001276750
1.005807918
1.002409542
1.004836953
1.006131573
1.006778882
1.010500913
1.010824568
1.008558984
1.007749847
1.007911674
1.006778882
1.006940710
1.004027816
1.007426192
1.003865989
1.003542334
1.006940710
1.004998781
1.008558984
1.007264365
1.006778882
1.004189644
0.999658476
0.999172994
0.995774618
0.994965481
0.998849339
1.002085887
1.005807918
1.004189644
1.001600405
0.999011166
0.996907410
0.998849339
0.998849339
1.003056852
1.003865989
1.004998781
1.005969745
1.008558984
1.008073502
1.011310050
1.009044466
1.009044466
1.004675126
1.002085887
1.000305786
0.999496648
1.002247715
1.004675126
1.005160608
1.006940710
1.008073502
1.004513299
1.003865989
0.999496648
1.000305786
0.996098273
0.997878374
0.997392892
0.999658476
1.000305786
1.001600405
0.996260100
0.996583755
0.995774618
0.996745582
0.996907410
0.994641826
0.996260100
0.998849339
1.000305786
1.004027816
1.004836953
1.010662741
1.012604670
1.012119188
1.010339086
1.009044466
1.008558984
1.005160608
1.005322436
1.006293400
1.004027816
1.007426192
1.006940710
1.005807918
1.004351471
1.000629440
0.997069237
0.994965481
0.995450963
0.997878374
0.998202029
1.002085887
1.003380507
1.006940710
1.003218679
1.002895024
1.003542334
1.000953095
1.000467613
0.999820303
0.998202029
1.004351471
0.999820303
1.002733197
1.007588020
1.007911674
1.008397157
1.006940710
1.007426192
1.005160608
1.004189644
1.002571369
1.003218679
1.005646091
1.009206294
1.009853604
1.011310050
1.010986396
1.006940710
1.007749847
1.002571369
1.000791268
0.997554719
0.998040202
0.997716547
0.998687511
1.001438578
0.999658476
0.994318171
0.999496648
0.999334821
0.998849339
0.997069237
0.998525684
0.999011166
0.996583755
1.001276750
1.004836953
1.006131573
1.010662741
1.012119188
1.004513299
1.004189644
1.005322436
1.004351471
1.002409542
1.002733197
1.001438578
1.006778882
1.006293400
1.006131573
1.005484263
1.006131573
1.003542334
1.003056852
1.000629440
1.002733197
1.002895024
1.001924060
1.004675126
1.003056852
1.002085887
1.000629440
0.999982131
0.997716547
0.994965481
0.993832689
0.994479998
0.994479998
0.997878374
0.997554719
1.001762232
1.004351471
1.004998781
1.004189644
1.005322436
1.001114923
1.000953095
0.999011166
1.001924060
1.004513299
1.007426192
1.009044466
1.009368121
1.010177258
1.008397157
1.006455228
1.004351471
1.007426192
1.006455228
1.005322436
1.006131573
1.004351471
1.006293400
1.004675126
1.001600405
1.000791268
0.998849339
0.998525684
0.995774618
0.995774618
0.994965481
0.997069237
0.996583755
0.998202029
1.000953095
1.002085887
1.003056852
1.000791268
1.002733197
1.002733197
0.999982131
0.999820303
1.003218679
1.001924060
1.004513299
1.005807918
1.007426192
1.005646091
1.004998781
1.004836953
1.004675126
1.004027816
1.002733197
1.002733197
1.002409542
1.003056852
1.005807918
1.002409542
1.006455228
1.003704161
1.002085887
0.999982131
1.000143958
0.996583755
0.998040202
0.996098273
0.995612790
0.998525684
1.000305786
0.999982131
1.001924060
1.001114923
1.001600405
0.999172994
0.998363856
1.000467613
1.006940710
1.007588020
1.010339086
1.012442842
1.012928325
1.013090152
1.009044466
1.010015431
1.008882639
1.007426192
1.007102537
1.007911674
1.007749847
1.007102537
1.009853604
1.006455228
1.006778882
1.004351471
1.001762232
1.000143958
1.000629440
0.998202029
0.998363856
0.997554719
0.999011166
1.005807918
1.008235329
1.006293400
1.005646091
1.003704161
1.005160608
1.003380507
1.002409542
1.002895024
1.003865989
1.003218679
1.004675126
1.003056852
1.001276750
1.002085887
1.004189644
1.004998781
1.007911674
1.006455228
1.005160608
1.006293400
1.005322436
1.003542334
1.004351471
1.007911674
1.004675126
1.005484263
1.004836953
1.003380507
1.001600405
1.000143958
1.000143958
1.005969745
1.003865989
1.003218679
0.998202029
1.003218679
0.998525684
1.000305786
1.001600405
1.002247715
1.004189644
1.004351471
1.006293400
1.009368121
1.006778882
1.007426192
1.005969745
1.003380507
1.008397157
1.005322436
1.010662741
1.010500913
1.012119188
1.009853604
1.010500913
1.008397157
1.006293400
1.006940710
1.006778882
1.007588020
1.005484263
1.008720812
1.002895024
1.005322436
1.005646091
1.004027816
1.008073502
1.003865989
1.004189644
1.002733197
1.004998781
1.005160608
1.003865989
1.003218679
0.999011166
0.999982131
1.000953095
1.002247715
1.003865989
1.007264365
1.006778882
1.006455228
1.006778882
1.008235329
1.006293400
1.009044466
1.006940710
1.004351471
1.001924060
1.003218679
1.004513299
1.004351471
1.006293400
1.006617055
1.005646091
1.003704161
1.004027816
1.003380507
1.003542334
1.003542334
1.005160608
1.008073502
1.002895024
1.003218679
0.997716547
0.998363856
1.000143958
0.999658476
0.997554719
0.995127308
0.997069237
0.999496648
0.997392892
0.996260100
0.998849339
1.001762232
1.003218679
1.006293400
1.007102537
1.005969745
1.006940710
1.005322436
1.005484263
1.005807918
1.004998781
1.003380507
1.003704161
1.003218679
1.001924060
1.000629440
0.999658476
1.002409542
1.002085887
1.001924060
1.003380507
1.001924060
1.002733197
1.003218679
1.002247715
0.999982131
1.002247715
1.001600405
1.002409542
1.004836953
1.000629440
1.000953095
1.003218679
1.001762232
1.005484263
1.002085887
1.000629440
1.001114923
0.999820303
1.000953095
1.000143958
1.004351471
1.002733197
1.004998781
1.007911674
1.009529949
1.006940710
1.005807918
1.007102537
1.006455228
1.004675126
1.005484263
1.005969745
1.003542334
1.002571369
1.003704161
1.002895024
0.999982131
0.996907410
0.998363856
0.999011166
0.998040202
0.996907410
0.997231065
0.998202029
0.999172994
0.998687511
0.999820303
1.001276750
1.002085887
1.004027816
1.002733197
1.005160608
1.001600405
1.001114923
0.997878374
0.999820303
0.998849339
0.999172994
1.002409542
0.998040202
1.001600405
1.003218679
1.000791268
1.002085887
1.005322436
1.005969745
1.005160608
1.005646091
1.005160608
1.004836953
1.004836953
1.005484263
1.002733197
1.001924060
1.001438578
1.000953095
0.999658476
0.997554719
0.998687511
0.997392892
1.000467613
1.002409542
1.002247715
1.004351471
1.001114923
1.001114923
1.001438578
1.002247715
1.001276750
1.003704161
1.004513299
1.007426192
1.002409542
1.005484263
1.004675126
1.004027816
1.004836953
1.003056852
1.004998781
1.005807918
1.004836953
1.004189644
1.005807918
1.003865989
1.001924060
1.005969745
1.004998781
1.001762232
1.000791268
0.998525684
0.996583755
0.997069237
0.998363856
1.002085887
1.003542334
1.003704161
1.003380507
1.000953095
1.002247715
1.003542334
1.001924060
1.002733197
1.003704161
1.002247715
1.004998781
1.004998781
1.000467613
1.003056852
1.000629440
1.003056852
1.001924060
1.003380507
1.005484263
1.005807918
1.009206294
1.005484263
1.005160608
1.001762232
1.007749847
1.004351471
1.004513299
1.001924060
1.001762232
0.998363856
1.002895024
0.999982131
0.999982131
1.000629440
1.000791268
1.000143958
0.999011166
1.000629440
0.997878374
0.997554719
0.999496648
0.999334821
1.001114923
1.004351471
1.003704161
1.005646091
1.007588020
1.005969745
1.006940710
1.004351471
1.004027816
1.005807918
1.004513299
1.003704161
1.004189644
1.003704161
1.002733197
1.004513299
1.004836953
1.007911674
1.004027816
1.003218679
0.999982131
0.997878374
0.997878374
1.001924060
1.004836953
1.004351471
1.005646091
1.009691776
1.007102537
1.008073502
1.003380507
1.000143958
0.999496648
0.999172994
0.996260100
0.999982131
0.999658476
1.000953095
1.001600405
1.003704161
1.004351471
1.001762232
1.004189644
1.007588020
1.007426192
1.008073502
1.009044466
1.008720812
1.006617055
1.009529949
1.012119188
1.008397157
1.005969745
1.005160608
1.002085887
1.002085887
0.998363856
0.998849339
1.000467613
0.999982131
1.003542334
1.002247715
1.004189644
1.004189644
1.002733197
1.001600405
1.003704161
1.004027816
1.002571369
1.003218679
1.003865989
1.002571369
1.001762232
1.000305786
0.999334821
1.000791268
1.000791268
1.003218679
1.000953095
0.998849339
0.999820303
1.000305786
1.001924060
1.002571369
1.004836953
1.004351471
1.003865989
1.002895024
1.001762232
0.999820303
1.003542334
1.004027816
1.005160608
1.005484263
1.004836953
1.005484263
1.002733197
0.999982131
0.998525684
0.998363856
0.998363856
0.997554719
1.000953095
0.999982131
1.001924060
1.003218679
1.000467613
1.004513299
1.003865989
1.004027816
1.006455228
1.005160608
1.003218679
1.004998781
1.003865989
1.005807918
1.005160608
1.003865989
1.003218679
1.002571369
1.002895024
1.000305786
0.998525684
1.001438578
1.001114923
1.002409542
1.005807918
1.007588020
1.005484263
1.004675126
1.004027816
1.000953095
0.998525684
0.999820303
0.998040202
1.001114923
0.999820303
0.998687511
0.998687511
1.000953095
1.000467613
1.002409542
1.004998781
1.003218679
1.004027816
1.004027816
1.004836953
1.001438578
1.004189644
1.005807918
1.006940710
1.008073502
1.007264365
1.007264365
1.004027816
1.002409542
1.000467613
1.001762232
1.000467613
1.003865989
1.001600405
1.003218679
1.001762232
1.001438578
1.000629440
1.001600405
1.002085887
1.000629440
0.999982131
1.003542334
1.001438578
1.000467613
0.998040202
1.001276750
1.001600405
1.000791268
1.002247715
1.006778882
1.001762232
1.003542334
1.001924060
1.001600405
1.008073502
1.006455228
1.006293400
1.004675126
1.002247715
1.002085887
1.000467613
0.999011166
1.001600405
1.001114923
1.004513299
1.005646091
1.003218679
1.004836953
1.001276750
0.999172994
0.997716547
1.001276750
1.000953095
1.002085887
1.003542334
1.002895024
1.007911674
1.000467613
1.003056852
1.001114923
1.004675126
1.005160608
1.003542334
0.999982131
1.004027816
1.001114923
1.004027816
1.006778882
1.005807918
1.006293400
1.004351471
1.009044466
1.006940710
1.005807918
1.002571369
1.004513299
1.005646091
1.006617055
1.009853604
1.007102537
1.007588020
1.009691776
1.006131573
1.005969745
1.006131573
1.003380507
0.999982131
1.002895024
1.001762232
1.001438578
1.000629440
0.999658476
1.002247715
1.002895024
1.002085887
1.003218679
1.002409542
1.002571369
1.005969745
1.002733197
1.004836953
1.005484263
1.008073502
1.004189644
1.003380507
1.001114923
1.002247715
1.002733197
0.998040202
0.999820303
1.003056852
1.004189644
1.004513299
1.007588020
1.007102537
1.002733197
1.003865989
1.004998781
1.002895024
1.005807918
1.001762232
1.000143958
0.998849339
0.997392892
0.999334821
0.998687511
0.998687511
1.003865989
0.999334821
1.001762232
1.001600405
1.000143958
1.001114923
1.000305786
1.002895024
1.001762232
1.006617055
1.004998781
1.004189644
1.001762232
0.999982131
0.999982131
1.001114923
1.002571369
1.003218679
1.005807918
1.006778882
1.007588020
1.006293400
1.002409542
1.004836953
1.007911674
1.004836953
1.006778882
1.004027816
1.004027816
1.004513299
1.003380507
1.003542334
1.005969745
1.005646091
1.006778882
1.005646091
1.003542334
0.998849339
1.000791268
0.999172994
1.001762232
1.001762232
1.003704161
1.004351471
1.004513299
1.006455228
1.007911674
1.005160608
1.006778882
1.005484263
1.002409542
1.004836953
1.004998781
1.004027816
1.003218679
1.004675126
1.001924060
1.002571369
1.002409542
1.004351471
1.004675126
1.002409542
1.003865989
0.999658476
0.999172994
1.000467613
1.003542334
1.001600405
1.003542334
1.004998781
1.005807918
1.006293400
1.002895024
1.002409542
1.002733197
1.000467613
1.003218679
1.000791268
1.002895024
1.000629440
1.000305786
1.000791268
1.001276750
1.002409542
1.000791268
1.004998781
1.004836953
1.005322436
1.004836953
1.001438578
1.004998781
1.007426192
1.005646091
1.004513299
1.004189644
1.003542334
1.001924060
0.999496648
0.997716547
0.998525684
0.999658476
1.001114923
1.001600405
1.004027816
1.002571369
1.004513299
1.005484263
1.005484263
1.005646091
1.004189644
1.006131573
1.003380507
1.004836953
1.004189644
1.004836953
1.007426192
1.005646091
1.005160608
1.004836953
1.004675126
1.003380507
1.001276750
0.999334821
1.002247715
1.003542334
1.004836953
1.005969745
1.007102537
1.005969745
1.005160608
1.003218679
1.002895024
1.002085887
1.004675126
1.003056852
1.002085887
1.001924060
1.002571369
1.002571369
1.003056852
1.002895024
0.999982131
1.000143958
1.001276750
1.000143958
0.998363856
0.999658476
1.002895024
1.001114923
1.004351471
1.004189644
1.007264365
1.006455228
1.005969745
1.005807918
1.005160608
1.000953095
1.001114923
1.002085887
1.002409542
1.003542334
1.001600405
0.999172994
0.999011166
0.998363856
0.999011166
0.995289135
0.998040202
1.002247715
1.003218679
1.003380507
1.005160608
1.005484263
1.005160608
1.007588020
1.004836953
1.002409542
1.000467613
0.999011166
0.998687511
0.997878374
0.999172994
1.000791268
1.003542334
1.004513299
1.004351471
1.004836953
1.001762232
1.000791268
0.999496648
1.003056852
1.004513299
1.004675126
1.007264365
1.010500913
1.007911674
1.005807918
1.006617055
1.002247715
1.002247715
1.002733197
1.002409542
1.003380507
1.000953095
1.007911674
1.005484263
1.002733197
1.004998781
1.004351471
1.003380507
1.001600405
0.999982131
0.999982131
0.998202029
0.999982131
1.002571369
1.004998781
1.009044466
1.008397157
1.005807918
1.006778882
1.000629440
1.004351471
1.000143958
1.000305786
1.004027816
1.009044466
1.008073502
1.010015431
1.006131573
1.004351471
1.002247715
1.001600405
0.999658476
1.003704161
1.000467613
0.999982131
0.999982131
1.002247715
1.003542334
1.007749847
1.004675126
1.008882639
1.004189644
0.999334821
0.999011166
0.997392892
0.997716547
0.999011166
1.001114923
1.010662741
1.004836953
1.004351471
1.005160608
0.999496648
0.998849339
0.995450963
0.997716547
1.001438578
0.998363856
1.004675126
1.004351471
1.006131573
1.006778882
1.007426192
1.005969745
1.003056852
1.003380507
1.003218679
1.002571369
1.001924060
1.003704161
1.003865989
1.005969745
1.009044466
1.004675126
1.003380507
1.000143958
0.997554719
0.997392892
0.996745582
0.996583755
1.000953095
1.003056852
1.006778882
1.008558984
1.006940710
1.005160608
1.001600405
0.999496648
0.998202029
0.998849339
1.000305786
1.002085887
1.005484263
1.005807918
1.005484263
1.003380507
1.001924060
1.001924060
0.999334821
0.998202029
0.999334821
1.002895024
1.005322436
1.004836953
1.007102537
1.007102537
1.009368121
1.005807918
1.004513299
1.002247715
0.996745582
1.000629440
0.998040202
1.000629440
1.003218679
1.004189644
1.006455228
1.008235329
1.005484263
1.005322436
1.001438578
0.999334821
0.999011166
1.000143958
1.003865989
1.004351471
1.007426192
1.007911674
1.007102537
1.005160608
1.005807918
1.002247715
1.002247715
1.001276750
1.001276750
1.001438578
1.002733197
1.005322436
1.010015431
1.006617055
1.007588020
1.006940710
1.002895024
0.998363856
0.995289135
0.994156344
0.997069237
1.001114923
1.004998781
1.007749847
1.008720812
1.009206294
1.008882639
1.006778882
1.002733197
0.999011166
0.998363856
0.998525684
1.002409542
1.003380507
1.005160608
1.004189644
1.003865989
1.004189644
1.003542334
1.001762232
1.000629440
0.999982131
0.997392892
1.000629440
1.004189644
1.003380507
1.007264365
1.007426192
1.007102537
1.004836953
1.001762232
1.000791268
0.998687511
0.996260100
1.001276750
1.004513299
1.004351471
1.008558984
1.007911674
1.005160608
1.000953095
1.000467613
0.998525684
0.997231065
0.999496648
1.001600405
1.001924060
1.004189644
1.005322436
1.007426192
1.005807918
1.007264365
1.004513299
1.003380507
1.001600405
1.000791268
1.002571369
1.004189644
1.003704161
1.008235329
1.008882639
1.004513299
1.004836953
1.003704161
1.000953095
0.997878374
0.997392892
0.998202029
1.000791268
1.002085887
1.005484263
1.007102537
1.007102537
1.006940710
1.000305786
1.000629440
0.999172994
0.999334821
0.999496648
1.003218679
1.006131573
1.004836953
1.005322436
1.003704161
1.002571369
1.001762232
1.000143958
1.000953095
1.000953095
0.997878374
0.999820303
1.003865989
1.010015431
1.008558984
1.008720812
1.006617055
1.004998781
1.003704161
0.998849339
0.996907410
0.999658476
1.003380507
1.004998781
1.007426192
1.008720812
1.005807918
1.002085887
0.999820303
0.997554719
0.996583755
0.996260100
0.998202029
0.999334821
0.999982131
1.001762232
1.004027816
1.004836953
1.005484263
1.002571369
1.004513299
1.002733197
0.999011166
1.000467613
1.001276750
1.004027816
1.006293400
1.009368121
1.007426192
1.007588020
1.003865989
1.003865989
0.999011166
0.999172994
0.999172994
0.998849339
1.002247715
1.002571369
1.008073502
1.005484263
1.007749847
1.004027816
1.001762232
1.001276750
1.000791268
1.000467613
1.001762232
1.003865989
1.004189644
1.005484263
1.004513299
1.003380507
1.004351471
1.003542334
1.000953095
0.998687511
0.999172994
0.999820303
1.001438578
1.003865989
1.005160608
1.007102537
1.008397157
1.007911674
1.004513299
1.001114923
0.999982131
0.999172994
1.002409542
1.001438578
1.003542334
1.004836953
1.009206294
1.008882639
1.009529949
1.002247715
1.002247715
1.001600405
1.000467613
0.997716547
0.998687511
1.002409542
1.000953095
1.002733197
1.002085887
1.004351471
1.002571369
1.000791268
1.001438578
0.996907410
0.999658476
0.998363856
0.999172994
1.005322436
1.005160608
1.009853604
1.007588020
1.004998781
0.999982131
1.003056852
0.998040202
0.998363856
1.001276750
1.003542334
1.004836953
1.006293400
1.006455228
1.006293400
1.003056852
0.999658476
0.999172994
0.996907410
0.996745582
1.000629440
1.003380507
1.004027816
1.005807918
1.006293400
1.006617055
1.003218679
1.004189644
0.999658476
1.000953095
1.002085887
1.000791268
1.001114923
1.001924060
1.007749847
1.008235329
1.005160608
1.004675126
1.002571369
1.000305786
0.999334821
1.000467613
1.000305786
1.003380507
1.004027816
1.006778882
1.007102537
1.006617055
1.005969745
1.004675126
1.002409542
1.002733197
1.002085887
1.002733197
1.004351471
1.004027816
1.003056852
1.004027816
1.003865989
1.004998781
1.003218679
1.005484263
1.004027816
1.000791268
0.999172994
1.000791268
1.004027816
1.005484263
1.008558984
1.009529949
1.008073502
1.005160608
1.005484263
0.998363856
0.998040202
0.997069237
0.997554719
1.001762232
1.002247715
1.007749847
1.006131573
1.008720812
1.004998781
1.006131573
1.003704161
1.003056852
1.002409542
1.001762232
1.001114923
1.005160608
1.003056852
1.004836953
1.005969745
1.004513299
1.004836953
1.000143958
0.998040202
0.996421927
0.997069237
0.997716547
1.001276750
1.000629440
1.003380507
1.006293400
1.005969745
1.004189644
1.002409542
1.000143958
0.998363856
0.998525684
1.000953095
1.002571369
1.003704161
1.006293400
1.007102537
1.004513299
1.002247715
1.003056852
1.000143958
0.999820303
0.999982131
0.996583755
1.000629440
1.000629440
1.006293400
1.003056852
1.003380507
1.007264365
1.006455228
1.005322436
1.002409542
1.001762232
0.997878374
1.001114923
1.003704161
1.006617055
1.005160608
1.005969745
1.005160608
1.003704161
1.000143958
0.999011166
0.999496648
0.999820303
0.999982131
1.001438578
1.002085887
1.004027816
1.004998781
1.007426192
1.008720812
1.007264365
1.007102537
1.006455228
1.003704161
1.004836953
1.002571369
1.001924060
1.004675126
1.003380507
1.006131573
1.003865989
1.004998781
1.002733197
0.999982131
0.998202029
0.997392892
1.000143958
0.999172994
1.004189644
1.005646091
1.002733197
1.001762232
1.000629440
0.999334821
0.998687511
0.998040202
0.997554719
0.996583755
0.997716547
0.999496648
1.001924060
1.001924060
1.003704161
1.006617055
1.004513299
1.000467613
0.999172994
0.998849339
0.997231065
0.995936445
0.998687511
0.999496648
1.004027816
1.006617055
1.005969745
1.004513299
1.006293400
1.000143958
1.000143958
1.001924060
1.001924060
1.002085887
1.003542334
1.009206294
1.005646091
1.005484263
1.003542334
1.003056852
1.002409542
0.999011166
0.999011166
0.997069237
1.000629440
1.002247715
1.005646091
1.003380507
1.006455228
1.008235329
1.006617055
1.005969745
1.003542334
1.004027816
1.002571369
1.002409542
1.006778882
1.004836953
1.005322436
1.007102537
1.004998781
1.003865989
0.999820303
0.998849339
0.999496648
1.000953095
1.001600405
1.002409542
1.005969745
1.005646091
1.007749847
1.006293400
1.004351471
1.005322436
1.001600405
1.001600405
0.999982131
0.999820303
0.999011166
0.999982131
1.004027816
1.004675126
1.004998781
1.006455228
1.004351471
1.002085887
1.000467613
0.996421927
0.995612790
1.000143958
1.003542334
1.004675126
1.007588020
1.008882639
1.009691776
1.006293400
1.002895024
1.001924060
1.001438578
0.998687511
0.999658476
0.999820303
0.999982131
1.001114923
1.002571369
1.004998781
1.002247715
1.001600405
0.999658476
0.997878374
0.998363856
0.999011166
1.000467613
1.001600405
1.005807918
1.008397157
1.009691776
1.011633705
1.011795533
1.002247715
1.002409542
0.998040202
0.999334821
1.000953095
1.002085887
1.007102537
1.008558984
1.004675126
1.002733197
1.000305786
0.999011166
1.000629440
0.998363856
1.001924060
1.002571369
1.005484263
1.005484263
1.006778882
1.006778882
1.005646091
1.001762232
1.001600405
1.001114923
0.999658476
0.998849339
0.999658476
1.002247715
1.004351471
1.004836953
1.006293400
1.007102537
1.009044466
1.003542334
1.005807918
0.999172994
0.999982131
1.002247715
1.005322436
1.005969745
1.008397157
1.008558984
1.007588020
1.003056852
1.001438578
0.999820303
1.001114923
0.998849339
1.004027816
1.001762232
1.002571369
1.004189644
1.005969745
1.000629440
1.000467613
0.999982131
0.999496648
0.999334821
0.998525684
0.999820303
1.001438578
1.001114923
1.004189644
1.005969745
1.006131573
1.004189644
1.004027816
1.003704161
0.999658476
0.995936445
0.997716547
0.999496648
1.001762232
1.005160608
1.007264365
1.006778882
1.006131573
1.004027816
1.003704161
1.002895024
1.000791268
1.004189644
1.004836953
1.003542334
1.005969745
1.006131573
1.007264365
1.005322436
1.004675126
1.004027816
1.002247715
0.999334821
0.999496648
0.998040202
1.001762232
1.003865989
1.007426192
1.008397157
1.008882639
1.005322436
1.003380507
1.002085887
0.999658476
0.999011166
1.000791268
1.000143958
1.006455228
1.005160608
1.003380507
1.004027816
1.004351471
1.000791268
1.003056852
1.002247715
1.001924060
1.002895024
1.004836953
1.005807918
1.002571369
1.003380507
1.003865989
1.002733197
1.000953095
0.999496648
0.998687511
0.998525684
0.998849339
1.000953095
0.999982131
1.001276750
1.005969745
1.002895024
1.002895024
1.000791268
0.998202029
0.996421927
0.999334821
1.002247715
1.003542334
1.004675126
1.006455228
1.007102537
1.005484263
1.002895024
1.001438578
1.001924060
1.002895024
1.001600405
1.002247715
1.005646091
1.004836953
1.005969745
1.005160608
1.004027816
1.006940710
1.002571369
1.004351471
1.000467613
0.999496648
0.999982131
0.999658476
1.002409542
1.005160608
1.006455228
1.008882639
1.007426192
1.005322436
1.001438578
1.001114923
0.999658476
0.999496648
0.999172994
1.004027816
1.004189644
1.002733197
1.003056852
1.003056852
0.999982131
1.001114923
1.001276750
1.000953095
1.002409542
1.004513299
1.006131573
1.007749847
1.006455228
1.007102537
1.007911674
1.004027816
1.000143958
1.001762232
0.997231065
0.999011166
1.000953095
1.004027816
0.999658476
1.002247715
1.004351471
1.002085887
1.000953095
0.996260100
0.996907410
0.994965481
0.996745582
1.001924060
1.003218679
1.006778882
1.008558984
1.004675126
1.004513299
1.004675126
1.000953095
1.002895024
1.000791268
1.002247715
1.003056852
1.004998781
1.002733197
1.001924060
1.002895024
1.004998781
1.003542334
1.003380507
1.002571369
1.004513299
1.001600405
1.002571369
1.001762232
1.003865989
1.007264365
1.008397157
1.007426192
1.008558984
1.006455228
1.001114923
1.000791268
1.001924060
1.001276750
1.003542334
1.003865989
1.003542334
1.003056852
1.002895024
1.000953095
1.000629440
0.999172994
1.000791268
1.003218679
1.002571369
1.003704161
1.008558984
1.006455228
1.008235329
1.005969745
1.005160608
1.001924060
1.002409542
1.000143958
1.001276750
0.998525684
0.999658476
0.998363856
1.002895024
1.002733197
1.002733197
1.000953095
1.003704161
1.000467613
0.997716547
0.999172994
0.998525684
1.004027816
1.005646091
1.004351471
1.008397157
1.006131573
1.004675126
1.002409542
0.998525684
0.999658476
0.997069237
0.999334821
1.000791268
1.002409542
1.004513299
1.003865989
1.005322436
1.005322436
1.006617055
1.003056852
1.004027816
1.003056852
1.003056852
1.002571369
1.004513299
1.005969745
1.009368121
1.008073502
1.010662741
1.007426192
1.003542334
1.001276750
0.995289135
0.995450963
0.998363856
0.999334821
1.003542334
1.005160608
1.005160608
1.006131573
1.005160608
0.999496648
1.000629440
1.002085887
1.000791268
1.003704161
1.004998781
1.007264365
1.009691776
1.008397157
1.007426192
1.007749847
1.006131573
1.001762232
0.999172994
0.997069237
0.995774618
0.999334821
1.001600405
1.004027816
1.004351471
1.005160608
1.006455228
1.006455228
1.004027816
1.000467613
1.003865989
1.004189644
1.003704161
1.005322436
1.005807918
1.007749847
1.003218679
1.003380507
1.001276750
0.999820303
0.995612790
0.996745582
0.996098273
0.994965481
0.997069237
0.999011166
1.002247715
1.003704161
1.011148223
1.005807918
1.006131573
1.002409542
1.001600405
1.000953095
1.000305786
1.002895024
1.003542334
1.005807918
1.006778882
1.006778882
1.004351471
1.002571369
1.000143958
0.998363856
0.996421927
0.996260100
1.001438578
1.003218679
1.006455228
1.006778882
1.005646091
1.004513299
1.004027816
1.003056852
1.000791268
1.001114923
0.998525684
0.999334821
0.999334821
1.001276750
1.006131573
1.008073502
1.007426192
1.004836953
1.003865989
1.002247715
0.998687511
0.997069237
0.995774618
1.000629440
1.004189644
1.005322436
1.007426192
1.010500913
1.009044466
1.007588020
1.004998781
1.002733197
1.002733197
1.002247715
1.000953095
1.002247715
1.001600405
1.003865989
1.005646091
1.000629440
1.003542334
1.002409542
0.997716547
0.999334821
0.998040202
1.000953095
0.999820303
1.001924060
1.002733197
1.004836953
1.005160608
1.007588020
1.004027816
0.999658476
1.000629440
0.998849339
0.997716547
1.001114923
1.003542334
1.003704161
1.007264365
1.006617055
1.004675126
1.002895024
1.002733197
1.001438578
1.001600405
1.002409542
1.001438578
1.003380507
1.003218679
1.004998781
1.003056852
1.002247715
1.003218679
0.999334821
0.998040202
0.996907410
0.996421927
0.996583755
0.999011166
1.001600405
1.004675126
1.005484263
1.008558984
1.006617055
1.006455228
1.005807918
0.998687511
0.997392892
0.999982131
0.999982131
1.001762232
1.004836953
1.006778882
1.005807918
1.005322436
1.004998781
1.004513299
1.004027816
1.004027816
1.001762232
1.003056852
1.002733197
1.003865989
1.003865989
1.002571369
1.004836953
1.003865989
1.002571369
1.002085887
1.002571369
0.999820303
1.000305786
0.998525684
1.001762232
1.002895024
1.004836953
1.004513299
1.005322436
1.004351471
1.003865989
1.001438578
0.999982131
1.002247715
0.999982131
1.003380507
1.003865989
1.005322436
1.006131573
1.005160608
1.006293400
1.005969745
1.003380507
1.004836953
1.004027816
1.003865989
1.002409542
1.003056852
1.003380507
1.006131573
1.006778882
1.009206294
1.004836953
1.002409542
1.004027816
1.000629440
0.997392892
1.000467613
1.000953095
1.002733197
1.003704161
1.004998781
1.005322436
1.003380507
1.000629440
0.999011166
0.998687511
0.998363856
1.001600405
1.002409542
0.999820303
1.001276750
1.005160608
1.003380507
1.005484263
1.004836953
1.006617055
1.004027816
1.006455228
1.004027816
1.003865989
1.004351471
1.001924060
1.004189644
1.003865989
1.005484263
1.005160608
1.001762232
1.001276750
1.003218679
1.001276750
1.001438578
1.001762232
1.004836953
1.004513299
1.002895024
1.002247715
1.001438578
0.999011166
1.001114923
1.000953095
1.004513299
1.002085887
1.002733197
1.003380507
1.002571369
1.002571369
1.005969745
1.005807918
1.007264365
1.007749847
1.007426192
1.007102537
1.004836953
1.005807918
1.003704161
1.004836953
1.002247715
1.003704161
1.001762232
1.001600405
1.002247715
1.000629440
1.001600405
1.001762232
1.005807918
1.007426192
1.004675126
1.003218679
1.002895024
1.002247715
1.000953095
1.001438578
1.000143958
1.001600405
1.001438578
1.002409542
0.999982131
0.999820303
0.999820303
1.000305786
1.002409542
1.004351471
1.008073502
1.006940710
1.004675126
1.005807918
1.005807918
1.002733197
1.004027816
1.004513299
1.000629440
1.001762232
1.004513299
1.004351471
1.002247715
1.002247715
1.003056852
1.001600405
1.002085887
0.999496648
0.998202029
0.997716547
0.999334821
0.999982131
1.000953095
1.004189644
1.005160608
1.005484263
1.006940710
1.003542334
1.001924060
1.000953095
1.000953095
1.001276750
1.003542334
1.003380507
1.004998781
1.005322436
1.006455228
1.005160608
1.002085887
1.000143958
1.001924060
1.003218679
1.002409542
1.002409542
1.001924060
1.004513299
1.006940710
1.007426192
1.006131573
1.006455228
1.005160608
1.006778882
1.004675126
1.003056852
0.999982131
1.001276750
0.999820303
0.998040202
0.999820303
1.000143958
1.000467613
1.001114923
1.001762232
1.000467613
1.000791268
1.001924060
1.004351471
1.006455228
1.009368121
1.007749847
1.007426192
1.005322436
1.005969745
1.005484263
1.004027816
1.002895024
1.003542334
1.003704161
1.003865989
1.000467613
1.001276750
1.004675126
1.004351471
1.004189644
1.004189644
1.005807918
1.004351471
1.003218679
1.001762232
1.001600405
1.000629440
0.999011166
1.002895024
1.001762232
1.003865989
1.001924060
1.002085887
1.000143958
0.999982131
0.999658476
1.000791268
1.001276750
1.002571369
1.002733197
1.004675126
1.004513299
1.006293400
1.006940710
1.006778882
1.007911674
1.004027816
1.002409542
1.001600405
1.001762232
1.004998781
1.003218679
1.006778882
1.007749847
1.007102537
1.006617055
1.006617055
1.003865989
1.000953095
1.003218679
1.000953095
1.000953095
1.002085887
0.999334821
1.000629440
1.002571369
1.000467613
1.002409542
1.000953095
1.000305786
1.001924060
1.001762232
1.002895024
1.002409542
1.001762232
1.003218679
1.003380507
1.005160608
1.004351471
1.004027816
1.005322436
1.004998781
1.003865989
1.003218679
1.006293400
1.006293400
1.007588020
1.008720812
1.004836953
1.003218679
1.002571369
1.001600405
0.999982131
1.000305786
1.000467613
0.999496648
1.002409542
1.002247715
0.999820303
0.999982131
1.001276750
1.001924060
1.003380507
1.002085887
1.001276750
1.001924060
1.002247715
1.005322436
1.003056852
1.002085887
1.004836953
1.005322436
1.003380507
1.001600405
1.003056852
0.999820303
1.002571369
1.003056852
1.005646091
1.006455228
1.006131573
1.006617055
1.009206294
1.007911674
1.003380507
1.002409542
1.003380507
1.004998781
1.006293400
1.004675126
1.001276750
1.001600405
1.004675126
1.001924060
1.004998781
1.008235329
1.007102537
1.006293400
1.006617055
1.008558984
1.008397157
1.009691776
1.010662741
1.010339086
1.011471878
1.009691776
1.008882639
1.001924060
0.999334821
0.998849339
1.000953095
1.006617055
1.007426192
1.008558984
1.006293400
1.009368121
1.009044466
1.009044466
1.008882639
1.009529949
1.007911674
1.003542334
1.008235329
1.004675126
1.008882639
1.004027816
1.002895024
1.001924060
1.003704161
1.000143958
1.000791268
1.003218679
1.004189644
1.002895024
1.001600405
1.005160608
1.001114923
1.007264365
1.003542334
1.009853604
1.008882639
1.000467613
1.003542334
1.009368121
1.009044466
1.010015431
1.007588020
1.011148223
1.010662741
1.013251980
1.010986396
1.004998781
1.006778882
1.003865989
1.005807918
1.005969745
1.001762232
1.007102537
1.001114923
1.000629440
1.001924060
1.009691776
1.009206294
1.011633705
1.006940710
1.004027816
1.005160608
1.002895024
1.004189644
1.002409542
1.000467613
1.001762232
1.000467613
0.998849339
1.001924060
1.002085887
0.999011166
1.001438578
1.001924060
1.004998781
1.003865989
1.004513299
1.008073502
1.005969745
1.004998781
1.004675126
1.005160608
1.003704161
1.005160608
1.002247715
1.003056852
1.002085887
1.001114923
1.000305786
1.001276750
0.999334821
1.001600405
1.001924060
1.000467613
1.000791268
1.000629440
0.999334821
1.001276750
0.999820303
1.001276750
1.008073502
1.003704161
1.004998781
1.005646091
1.006131573
1.005160608
1.008882639
1.009044466
1.004027816
1.009691776
1.003056852
1.007264365
1.008720812
1.005160608
1.006131573
1.009368121
1.009044466
1.009691776
1.002571369
1.006455228
1.005969745
1.006131573
1.008397157
1.003056852
1.003542334
1.003704161
1.004027816
1.003704161
1.002085887
1.003865989
1.004836953
1.005646091
1.002895024
1.003865989
1.004027816
1.002409542
1.004189644
1.003865989
1.002247715
1.003865989
1.005484263
1.006778882
1.004836953
1.003218679
1.001600405
0.999658476
1.002247715
1.000953095
1.001924060
1.002733197
1.004513299
1.005322436
1.006131573
1.002571369
1.001438578
0.999334821
0.999658476
1.004189644
1.002895024
1.000143958
1.001924060
1.001924060
1.000143958
1.001600405
1.002733197
1.001114923
1.004189644
1.000953095
0.999820303
0.998849339
0.999011166
1.000953095
0.998849339
1.000467613
1.003218679
1.002247715
0.999658476
1.000467613
1.000143958
1.003704161
0.999496648
1.000953095
1.001924060
1.003056852
1.003218679
1.004189644
1.004836953
1.004513299
1.004998781
1.005484263
1.004351471
1.006778882
1.004836953
1.002409542
1.003218679
1.002247715
1.003542334
1.003542334
1.004513299
1.005807918
1.003865989
1.002247715
1.002571369
0.997716547
0.999820303
1.000791268
1.000791268
1.003542334
1.005322436
1.004836953
1.002733197
1.002733197
1.002085887
1.003218679
1.002895024
1.002733197
1.003380507
1.004351471
1.005969745
1.005969745
1.004836953
1.005969745
1.006131573
1.007426192
1.005484263
1.003704161
1.009044466
1.005807918
1.004513299
1.008558984
1.007749847
1.007264365
1.009853604
1.010015431
1.008558984
1.005969745
1.000953095
1.003218679
1.005646091
1.004351471
1.004675126
1.007749847
1.008397157
1.011148223
1.009206294
0.999820303
1.006940710
1.004189644
1.006131573
1.005160608
1.005807918
1.004998781
1.004027816
1.005969745
1.008558984
1.005160608
1.004998781
1.006293400
1.007588020
1.004998781
1.002571369
1.006293400
1.000305786
1.001924060
1.002733197
1.003542334
1.005646091
1.006293400
1.004675126
1.002409542
0.998525684
0.997878374
0.999172994
0.998525684
0.999496648
1.003380507
1.003056852
1.005160608
1.005969745
1.003218679
1.002571369
1.003865989
1.003865989
1.001924060
1.001762232
1.002571369
1.003218679
1.001762232
1.004351471
1.007264365
1.006455228
1.006455228
1.004189644
1.004027816
1.003542334
0.998849339
0.999334821
1.002409542
1.000791268
1.004513299
1.005969745
1.006455228
1.005322436
1.002733197
1.002247715
1.003704161
1.001114923
1.003380507
1.004027816
1.003542334
1.004675126
1.005969745
1.004675126
1.005160608
1.004189644
1.002085887
1.001276750
0.999011166
1.000305786
1.000467613
1.000953095
1.002085887
1.004027816
1.004675126
1.004513299
1.004675126
1.004675126
0.999658476
0.999011166
0.999011166
0.999496648
1.002571369
1.004836953
1.005969745
1.005160608
1.005484263
1.004513299
1.002409542
1.002247715
1.002733197
1.001924060
0.999334821
1.001762232
1.001600405
1.000305786
1.001600405
1.001114923
1.000791268
1.001276750
0.998849339
0.998687511
0.999334821
0.998040202
0.997716547
1.006778882
1.007911674
1.008720812
1.014546599
1.013575634
1.009691776
1.010339086
1.007426192
1.008235329
1.004027816
1.007264365
1.003704161
1.005807918
1.000467613
1.007588020
1.010015431
1.009691776
1.006940710
1.003542334
1.008882639
1.008882639
1.010662741
1.006293400
1.005969745
1.006293400
1.005807918
1.003865989
1.006293400
1.010500913
1.004675126
1.000305786
1.001114923
1.000629440
0.999658476
1.000953095
1.000629440
1.001762232
1.001762232
1.003542334
1.002409542
1.003056852
1.002409542
1.001762232
1.001762232
1.004189644
1.001924060
