1.273146912
1.271690464
1.271204982
1.269101224
1.268939396
1.266350156
1.271366809
1.269263051
1.266997466
1.267644776
1.268130259
1.268292086
1.269263051
1.269910361
1.266997466
1.265379191
1.267806604
1.270072189
1.270395844
1.269263051
1.271204982
1.273146912
1.271528637
1.269586706
1.270072189
1.266188328
1.267321121
1.266026501
1.265702846
1.267644776
1.265379191
1.267644776
1.270881327
1.269424879
1.272499602
1.271852292
1.271204982
1.272499602
1.269910361
1.269263051
1.265864673
1.268615741
1.272337774
1.274765187
1.267644776
1.269101224
1.268615741
1.269424879
1.267321121
1.268615741
1.267482948
1.269586706
1.269748534
1.274117877
1.270395844
1.271690464
1.270234017
1.272014119
1.270557672
1.270719499
1.267159293
1.269586706
1.272175947
1.270234017
1.268615741
1.271690464
1.272499602
1.274603360
1.276545290
1.275574325
1.272985085
1.269586706
1.270395844
1.271204982
1.271366809
1.270234017
1.270557672
1.272823257
1.272014119
1.269101224
1.271852292
1.269910361
1.266997466
1.272014119
1.269748534
1.273470567
1.269586706
1.270719499
1.273146912
1.269263051
1.268292086
1.268453914
1.271366809
1.268777569
1.271528637
1.272014119
1.273632395
1.270719499
1.273470567
1.276707118
1.272823257
1.274441532
1.272823257
1.276221635
1.273794222
1.272175947
1.268777569
1.270881327
1.269263051
1.269586706
1.270719499
1.269748534
1.270072189
1.270072189
1.268453914
1.266673811
1.265379191
1.267968431
1.269748534
1.270557672
1.270072189
1.270719499
1.269263051
1.269748534
1.268615741
1.267159293
1.265379191
1.268130259
1.264408225
1.265379191
1.265541018
1.265864673
1.268130259
1.272661430
1.272175947
1.275736153
1.275088843
1.276545290
1.273146912
1.272014119
1.270719499
1.269424879
1.265055535
1.267321121
1.266673811
1.270072189
1.270719499
1.269910361
1.273308740
1.272985085
1.273956050
1.272985085
1.272175947
1.273956050
1.271204982
1.272499602
1.272014119
1.275088843
1.277678083
1.278487221
1.279134531
1.276707118
1.272661430
1.272823257
1.269424879
1.270557672
1.270881327
1.272661430
1.275088843
1.275574325
1.275736153
1.276707118
1.275412498
1.275250670
1.274927015
1.271204982
1.270719499
1.272014119
1.270881327
1.271528637
1.270719499
1.267806604
1.268615741
1.273470567
1.269910361
1.274603360
1.272337774
1.266511983
1.266835638
1.266835638
1.264246398
1.263113605
1.266188328
1.268292086
1.270072189
1.271366809
1.273470567
1.273146912
1.273308740
1.274927015
1.274441532
1.274117877
1.274117877
1.272823257
1.272499602
1.272014119
1.270072189
1.268292086
1.268292086
1.266835638
1.268939396
1.268130259
1.266188328
1.265702846
1.267482948
1.266835638
1.268615741
1.270557672
1.272661430
1.275412498
1.274765187
1.275250670
1.274441532
1.273794222
1.272337774
1.270557672
1.270395844
1.268292086
1.270072189
1.268453914
1.270719499
1.267644776
1.270234017
1.272823257
1.272014119
1.274279705
1.269263051
1.268777569
1.266835638
1.265702846
1.267321121
1.267321121
1.266835638
1.269263051
1.271043154
1.272985085
1.269748534
1.271043154
1.268939396
1.270234017
1.267806604
1.269910361
1.269101224
1.272661430
1.268615741
1.272014119
1.270557672
1.272661430
1.269263051
1.269424879
1.268292086
1.268130259
1.266511983
1.269101224
1.263275433
1.265702846
1.272175947
1.271528637
1.273794222
1.276383463
1.276707118
1.276868945
1.276059808
1.277354428
1.275250670
1.272499602
1.271852292
1.270557672
1.267968431
1.269586706
1.268453914
1.268615741
1.269586706
1.270395844
1.270881327
1.270881327
1.274279705
1.272014119
1.272823257
1.269748534
1.268453914
1.267644776
1.268292086
1.268615741
1.272661430
1.272661430
1.272014119
1.271852292
1.272175947
1.272661430
1.275088843
1.271528637
1.272014119
1.272499602
1.270557672
1.269748534
1.269263051
1.268130259
1.268453914
1.271043154
1.274279705
1.273146912
1.273470567
1.273470567
1.273470567
1.272823257
1.272175947
1.272175947
1.273308740
1.273956050
1.274927015
1.274603360
1.276545290
1.273794222
1.272661430
1.272661430
1.271043154
1.268453914
1.268130259
1.269263051
1.267159293
1.268292086
1.271690464
1.274279705
1.274603360
1.275897980
1.276707118
1.275412498
1.271852292
1.269586706
1.268939396
1.265055535
1.267806604
1.264731880
1.268130259
1.266997466
1.268615741
1.267321121
1.265379191
1.266350156
1.270234017
1.269586706
1.268453914
1.267482948
1.269586706
1.269263051
1.268939396
1.271366809
1.271366809
1.272661430
1.269101224
1.268615741
1.269586706
1.266350156
1.263275433
1.261495330
1.264408225
1.271366809
1.270881327
1.270234017
1.271204982
1.272337774
1.273308740
1.270395844
1.267968431
1.266026501
1.263599088
1.264893708
1.263922743
1.264246398
1.261818985
1.268130259
1.269263051
1.271204982
1.272175947
1.274441532
1.271204982
1.271043154
1.272823257
1.271204982
1.273956050
1.272337774
1.274117877
1.272823257
1.275412498
1.272985085
1.269910361
1.267806604
1.266673811
1.266673811
1.272014119
1.271528637
1.272175947
1.272499602
1.269101224
1.271528637
1.269748534
1.272175947
1.269748534
1.268777569
1.269586706
1.268453914
1.270557672
1.267482948
1.268292086
1.266997466
1.267968431
1.267159293
1.268777569
1.266026501
1.266350156
1.263922743
1.264084570
1.265217363
1.263760915
1.266350156
1.266511983
1.267806604
1.271366809
1.269263051
1.269748534
1.273470567
1.272175947
1.275412498
1.272985085
1.273146912
1.268453914
1.266835638
1.266835638
1.265702846
1.263275433
1.266835638
1.263599088
1.266835638
1.266997466
1.265702846
1.267968431
1.266835638
1.266835638
1.266997466
1.268939396
1.270719499
1.275088843
1.275574325
1.278163566
1.279134531
1.272499602
1.274765187
1.272175947
1.266835638
1.266673811
1.263760915
1.263599088
1.263599088
1.261657157
1.260848020
1.266188328
1.270072189
1.272337774
1.273632395
1.272823257
1.275574325
1.277192600
1.273956050
1.271690464
1.272823257
1.273308740
1.273470567
1.272985085
1.270557672
1.268939396
1.268453914
1.267321121
1.266350156
1.262466295
1.263113605
1.263113605
1.263599088
1.266026501
1.265379191
1.268453914
1.270719499
1.272823257
1.273146912
1.271528637
1.273308740
1.271204982
1.271852292
1.269748534
1.267968431
1.269748534
1.270234017
1.270072189
1.271043154
1.266835638
1.268453914
1.265864673
1.265702846
1.262951778
1.265864673
1.266511983
1.269586706
1.269910361
1.268292086
1.267482948
1.266026501
1.267806604
1.270881327
1.270395844
1.269424879
1.267321121
1.266026501
1.268453914
1.264731880
1.266511983
1.269424879
1.267482948
1.271690464
1.268939396
1.272014119
1.268939396
1.268453914
1.270395844
1.271690464
1.271690464
1.274279705
1.274279705
1.276545290
1.278325393
1.275250670
1.273956050
1.277192600
1.270719499
1.271528637
1.270881327
1.270881327
1.267644776
1.266997466
1.267644776
1.271690464
1.271690464
1.271528637
1.274279705
1.269586706
1.268615741
1.267644776
1.267968431
1.267321121
1.268939396
1.267968431
1.268453914
1.269748534
1.271204982
1.268615741
1.270072189
1.270072189
1.266997466
1.269748534
1.269424879
1.273146912
1.272175947
1.271852292
1.272499602
1.269424879
1.270072189
1.266997466
1.266511983
1.267806604
1.264246398
1.262304467
1.264408225
1.264084570
1.266511983
1.267159293
1.269263051
1.269748534
1.270881327
1.270557672
1.272499602
1.267968431
1.269424879
1.270881327
1.269910361
1.273146912
1.272661430
1.274603360
1.266997466
1.269424879
1.262466295
1.263275433
1.262628123
1.261009847
1.262304467
1.263760915
1.263599088
1.265702846
1.269263051
1.273308740
1.277354428
1.275736153
1.277192600
1.271043154
1.272499602
1.270072189
1.267968431
1.266026501
1.263437260
1.267968431
1.267644776
1.267806604
1.272014119
1.268615741
1.267482948
1.267644776
1.267968431
1.265541018
1.267482948
1.269586706
1.270072189
1.270234017
1.272014119
1.272337774
1.271852292
1.271366809
1.272337774
1.270557672
1.269101224
1.267806604
1.265055535
1.262951778
1.264084570
1.265217363
1.270395844
1.269424879
1.272661430
1.271043154
1.271690464
1.271528637
1.270234017
1.269748534
1.268615741
1.270395844
1.271690464
1.274117877
1.271528637
1.270557672
1.270072189
1.269910361
1.269586706
1.266511983
1.266835638
1.262466295
1.260038882
1.261980812
1.260848020
1.261495330
1.267321121
1.271690464
1.272661430
1.275250670
1.278001738
1.272499602
1.273956050
1.270072189
1.272014119
1.271366809
1.267159293
1.268292086
1.267482948
1.266026501
1.264893708
1.263922743
1.264408225
1.265864673
1.263922743
1.267159293
1.265864673
1.267644776
1.269748534
1.266835638
1.271528637
1.272175947
1.272985085
1.273308740
1.274117877
1.271852292
1.270719499
1.268292086
1.264084570
1.264570053
1.264893708
1.264893708
1.266673811
1.267644776
1.270072189
1.267968431
1.270557672
1.272014119
1.274441532
1.273146912
1.271852292
1.272175947
1.271204982
1.270881327
1.270072189
1.269586706
1.270395844
1.268292086
1.267968431
1.270072189
1.268453914
1.267482948
1.266511983
1.265379191
1.263760915
1.269748534
1.270395844
1.270719499
1.273470567
1.273308740
1.270234017
1.268939396
1.270881327
1.272014119
1.268939396
1.269586706
1.268130259
1.269910361
1.270072189
1.269586706
1.266673811
1.268939396
1.272337774
1.271528637
1.270719499
1.267806604
1.268130259
1.266511983
1.268615741
1.266997466
1.268939396
1.270234017
1.272499602
1.274441532
1.271528637
1.267159293
1.267159293
1.267321121
1.265055535
1.266835638
1.266350156
1.267644776
1.264731880
1.267482948
1.266350156
1.268615741
1.270234017
1.272985085
1.273146912
1.272014119
1.273146912
1.269586706
1.272014119
1.270234017
1.270557672
1.270881327
1.273632395
1.271528637
1.272175947
1.270881327
1.268777569
1.267321121
1.265702846
1.268130259
1.265379191
1.265541018
1.269586706
1.267159293
1.270072189
1.268939396
1.270719499
1.272823257
1.271690464
1.272499602
1.271204982
1.269748534
1.267159293
1.265217363
1.266997466
1.269263051
1.266350156
1.268615741
1.266835638
1.271204982
1.271366809
1.268777569
1.267806604
1.269263051
1.271528637
1.272014119
1.269263051
1.272175947
1.271690464
1.268777569
1.267482948
1.269586706
1.265541018
1.270881327
1.268615741
1.268939396
1.267968431
1.267321121
1.267321121
1.269748534
1.267482948
1.269101224
1.267321121
1.271204982
1.270072189
1.268615741
1.270395844
1.269748534
1.272661430
1.273146912
1.273632395
1.271852292
1.273956050
1.272499602
1.271528637
1.269263051
1.268777569
1.268453914
1.273146912
1.268939396
1.268292086
1.268615741
1.267806604
1.269101224
1.267482948
1.272175947
1.269910361
1.271366809
1.266350156
1.266673811
1.269263051
1.269263051
1.266997466
1.270881327
1.270881327
1.269263051
1.267482948
1.267968431
1.266997466
1.268130259
1.266511983
1.265541018
1.266511983
1.269748534
1.268939396
1.271366809
1.269586706
1.268292086
1.269101224
1.270881327
1.270234017
1.267159293
1.269910361
1.269424879
1.272499602
1.269586706
1.269748534
1.269910361
1.270881327
1.271690464
1.269101224
1.272985085
1.269748534
1.267968431
1.268292086
1.266835638
1.266026501
1.266835638
1.269586706
1.268130259
1.266835638
1.269101224
1.266350156
1.266026501
1.267644776
1.267482948
1.269263051
1.269101224
1.270234017
1.271204982
1.272661430
1.271528637
1.268292086
1.267644776
1.271366809
1.267482948
1.267968431
1.266026501
1.265379191
1.266188328
1.266835638
1.265702846
1.268130259
1.269263051
1.271852292
1.271043154
1.269586706
1.270234017
1.267968431
1.267321121
1.269101224
1.270719499
1.270072189
1.270719499
1.271690464
1.268777569
1.266350156
1.265217363
1.266188328
1.266673811
1.266188328
1.268615741
1.268615741
1.267482948
1.270234017
1.265217363
1.267321121
1.268615741
1.271528637
1.270072189
1.271690464
1.275088843
1.273470567
1.274603360
1.270557672
1.272337774
1.269424879
1.269748534
1.268130259
1.268130259
1.271043154
1.270719499
1.268292086
1.267321121
1.266188328
1.268292086
1.268615741
1.270881327
1.272661430
1.274441532
1.271852292
1.273308740
1.271528637
1.272175947
1.272014119
1.270234017
1.272014119
1.269586706
1.272337774
1.270719499
1.269263051
1.266835638
1.266026501
1.267968431
1.265055535
1.264408225
1.263760915
1.264408225
1.263922743
1.267968431
1.268939396
1.271852292
1.271204982
1.272985085
1.270719499
1.269424879
1.270234017
1.271043154
1.270719499
1.269263051
1.269424879
1.267806604
1.263275433
1.266026501
1.264893708
1.264731880
1.265055535
1.266350156
1.264893708
1.267968431
1.266026501
1.266835638
1.267968431
1.268777569
1.271366809
1.271852292
1.267806604
1.269910361
1.271852292
1.270395844
1.270719499
1.265864673
1.268453914
1.269910361
1.269101224
1.271690464
1.267968431
1.267482948
1.266350156
1.268130259
1.269424879
1.271366809
1.269586706
1.272661430
1.274765187
1.276707118
1.274441532
1.272661430
1.269263051
1.271204982
1.271043154
1.272014119
1.270557672
1.273794222
1.272175947
1.271366809
1.269910361
1.272014119
1.271043154
1.271690464
1.270072189
1.271043154
1.267968431
1.267806604
1.266835638
1.268453914
1.269586706
1.272014119
1.272823257
1.273794222
1.271043154
1.272337774
1.269910361
1.268453914
1.270234017
1.266026501
1.267321121
1.269424879
1.269263051
1.265379191
1.262789950
1.265217363
1.266026501
1.268453914
1.267482948
1.268939396
1.268130259
1.268292086
1.270881327
1.272337774
1.273308740
1.272823257
1.269910361
1.270557672
1.270234017
1.268939396
1.268292086
1.267968431
1.266350156
1.266997466
1.268777569
1.270719499
1.270881327
1.272661430
1.272985085
1.271690464
1.273308740
1.273794222
1.270072189
1.269748534
1.270719499
1.269263051
1.270395844
1.269101224
1.270395844
1.267482948
1.270719499
1.272014119
1.274603360
1.275897980
1.274441532
1.272499602
1.272823257
1.271852292
1.274117877
1.273794222
1.272014119
1.272661430
1.270072189
1.270234017
1.270234017
1.268615741
1.269910361
1.272175947
1.272985085
1.272175947
1.272175947
1.273956050
1.271204982
1.273146912
1.272014119
1.272823257
1.273308740
1.274441532
1.276059808
1.274441532
1.273794222
1.270557672
1.271366809
1.268615741
1.270395844
1.272175947
1.270557672
1.271043154
1.272337774
1.271852292
1.268292086
1.270234017
1.270557672
1.270719499
1.270719499
1.269101224
1.267321121
1.269424879
1.270395844
1.273146912
1.271204982
1.270557672
1.270557672
1.270719499
1.269263051
1.270072189
1.264893708
1.265055535
1.265864673
1.266997466
1.266997466
1.268292086
1.268130259
1.269748534
1.266997466
1.266673811
1.268453914
1.269910361
1.272014119
1.274279705
1.273956050
1.272985085
1.277516256
1.277354428
1.276221635
1.276868945
1.274927015
1.271852292
1.271366809
1.265702846
1.267321121
1.266026501
1.268130259
1.268939396
1.272499602
1.276221635
1.273632395
1.274603360
1.276707118
1.272014119
1.271852292
1.274279705
1.272175947
1.272014119
1.272661430
1.272661430
1.270557672
1.271043154
1.271528637
1.272337774
1.268292086
1.265702846
1.270234017
1.269101224
1.267321121
1.272661430
1.270557672
1.270234017
1.272499602
1.273470567
1.275250670
1.272014119
1.275250670
1.271528637
1.270881327
1.271204982
1.266997466
1.268292086
1.271528637
1.269910361
1.269586706
1.267806604
1.267968431
1.270719499
1.272175947
1.269101224
1.265541018
1.267321121
1.268130259
1.267321121
1.268939396
1.263922743
1.267644776
1.268615741
1.273146912
1.270395844
1.270719499
1.269748534
1.272337774
1.272823257
1.271043154
1.272823257
1.269263051
1.271690464
1.269910361
1.271204982
1.270557672
1.270234017
1.272823257
1.270234017
1.273632395
1.272014119
1.273632395
1.275250670
1.276059808
1.278001738
1.276707118
1.274765187
1.274117877
1.272337774
1.268615741
1.271690464
1.276383463
1.272661430
1.272337774
1.270881327
1.266997466
1.267644776
1.270881327
1.272985085
1.274765187
1.272985085
1.276221635
1.274927015
1.275250670
1.276059808
1.274927015
1.274279705
1.274441532
1.271366809
1.271528637
1.270557672
1.269748534
1.276383463
1.277030773
1.277030773
1.276059808
1.271852292
1.274441532
1.271852292
1.271366809
1.268939396
1.272014119
1.273308740
1.269748534
1.272014119
1.270234017
1.269424879
1.268615741
1.267482948
1.265379191
1.264570053
1.265864673
1.266350156
1.267968431
1.273308740
1.273308740
1.276059808
1.273956050
1.277678083
1.277192600
1.274117877
1.269263051
1.269910361
1.268777569
1.267159293
1.269586706
1.272985085
1.273470567
1.270881327
1.274441532
1.272661430
1.272661430
1.270557672
1.271366809
1.269424879
1.270395844
1.272823257
1.272661430
1.273146912
1.274765187
1.269101224
1.270881327
1.273794222
1.270881327
1.271852292
1.266026501
1.264570053
1.266673811
1.267159293
1.266997466
1.270395844
1.269748534
1.271690464
1.271043154
1.271690464
1.271366809
1.267321121
1.268292086
1.267159293
1.267644776
1.268292086
1.270881327
1.270881327
1.273794222
1.272985085
1.273470567
1.270395844
1.272499602
1.269910361
1.271043154
1.267482948
1.269586706
1.269263051
1.269586706
1.268130259
1.271204982
1.274441532
1.272014119
1.270234017
1.273632395
1.274441532
1.272337774
1.272337774
1.271690464
1.271204982
1.271366809
1.274927015
1.271204982
1.271043154
1.271204982
1.269748534
1.270881327
1.270719499
1.270557672
1.271528637
1.268939396
1.270234017
1.268292086
1.269263051
1.270234017
1.270072189
1.271204982
1.272014119
1.272175947
1.273308740
1.272014119
1.271366809
1.268130259
1.271852292
1.272175947
1.269101224
1.271043154
1.272337774
1.274279705
1.272499602
1.271690464
1.271852292
1.272175947
1.268615741
1.269748534
1.268130259
1.267482948
1.263922743
1.263599088
1.264893708
1.265702846
1.266350156
1.267644776
1.268939396
1.265864673
1.266350156
1.268292086
1.268453914
1.269424879
1.268615741
1.266997466
1.271204982
1.270557672
1.269910361
1.268453914
1.268292086
1.268130259
1.266026501
1.266673811
1.266350156
1.265217363
1.266350156
1.264893708
1.265864673
1.267159293
1.270395844
1.272661430
1.277354428
1.275250670
1.273956050
1.271852292
1.269263051
1.267482948
1.263760915
1.263922743
1.263922743
1.265864673
1.268292086
1.268453914
1.268939396
1.267159293
1.267968431
1.264570053
1.265702846
1.264731880
1.265217363
1.267159293
1.268130259
1.271204982
1.270234017
1.272823257
1.272823257
1.273632395
1.269748534
1.272661430
1.266673811
1.265702846
1.261980812
1.262789950
1.262789950
1.264570053
1.266673811
1.264408225
1.266511983
1.266350156
1.265379191
1.268939396
1.271528637
1.270557672
1.269748534
1.271690464
1.272661430
1.272014119
1.270234017
1.271366809
1.270881327
1.269101224
1.270072189
1.267321121
1.265541018
1.264408225
1.263922743
1.260686192
1.262466295
1.262789950
1.264731880
1.267806604
1.269910361
1.270881327
1.270881327
1.271204982
1.274117877
1.273794222
1.269586706
1.271528637
1.270881327
1.271043154
1.268939396
1.266350156
1.264084570
1.266997466
1.267482948
1.264408225
1.265055535
1.265864673
1.265864673
1.264408225
1.270234017
1.272175947
1.276383463
1.271690464
1.273632395
1.273956050
1.271852292
1.272823257
1.272175947
1.271852292
1.269910361
1.270072189
1.267321121
1.266835638
1.262142640
1.262304467
1.263760915
1.267159293
1.265864673
1.267482948
1.271043154
1.273146912
1.272337774
1.271528637
1.272661430
1.268939396
1.267968431
1.266673811
1.267806604
1.268453914
1.267321121
1.267806604
1.267968431
1.266997466
1.268615741
1.269263051
1.271690464
1.269748534
1.268939396
1.270881327
1.269586706
1.266673811
1.263922743
1.269263051
1.271043154
1.271690464
1.271852292
1.272175947
1.271690464
1.269910361
1.267159293
1.266673811
1.264246398
1.267482948
1.265379191
1.267644776
1.267482948
1.270719499
1.270072189
1.269101224
1.271204982
1.267968431
1.265864673
1.265702846
1.264570053
1.264408225
1.266350156
1.265702846
1.268292086
1.267968431
1.270557672
1.271528637
1.270719499
1.268777569
1.267482948
1.266026501
1.270234017
1.268292086
1.269910361
1.271043154
1.269910361
1.272337774
1.272014119
1.265864673
1.267644776
1.265379191
1.263275433
1.266835638
1.266673811
1.265541018
1.268777569
1.271043154
1.266511983
1.270395844
1.268777569
1.271366809
1.268939396
1.270395844
1.267644776
1.265864673
1.267159293
1.265702846
1.269263051
1.269263051
1.271043154
1.272337774
1.269748534
1.269263051
1.267644776
1.266997466
1.267159293
1.266673811
1.267644776
1.268292086
1.270072189
1.271690464
1.270719499
1.268939396
1.271366809
1.269586706
1.270072189
1.268615741
1.268130259
1.266188328
1.265217363
1.266026501
1.265541018
1.267321121
1.267644776
1.269263051
1.268777569
1.269101224
1.267644776
1.265864673
1.268939396
1.269424879
1.267482948
1.271690464
1.270234017
1.271366809
1.271528637
1.268130259
1.270234017
1.270234017
1.272499602
1.268615741
1.266511983
1.267321121
1.265055535
1.268777569
1.267482948
1.267644776
1.268292086
1.269910361
1.269748534
1.269586706
1.270719499
1.273308740
1.268453914
1.269748534
1.271204982
1.268939396
1.274279705
1.268453914
1.270234017
1.268292086
1.265864673
1.264731880
1.266835638
1.265702846
1.268615741
1.268130259
1.269910361
1.269748534
1.271528637
1.269910361
1.270234017
1.272499602
1.273794222
1.274441532
1.276383463
1.272823257
1.272175947
1.268292086
1.269263051
1.270719499
1.271043154
1.271204982
1.274117877
1.275897980
1.271852292
1.271204982
1.275088843
1.271204982
1.269748534
1.270072189
1.271366809
1.274279705
1.267968431
1.266997466
1.267968431
1.267968431
1.266026501
1.268453914
1.270557672
1.268615741
1.266673811
1.267159293
1.265541018
1.266350156
1.267482948
1.266350156
1.268292086
1.269424879
1.267968431
1.268130259
1.267968431
1.267482948
1.268777569
1.267644776
1.272499602
1.268777569
1.266026501
1.265055535
1.269424879
1.265379191
1.269910361
1.270557672
1.271366809
1.268939396
1.270719499
1.269263051
1.265702846
1.265702846
1.267482948
1.269263051
1.270072189
1.272175947
1.272985085
1.271204982
1.271043154
1.271852292
1.266673811
1.270395844
1.271528637
1.271043154
1.269910361
1.268615741
1.269910361
1.267644776
1.266188328
1.268939396
1.269101224
1.267482948
1.268453914
1.266350156
1.265864673
1.266350156
1.264084570
1.266026501
1.269424879
1.269263051
1.271366809
1.269910361
1.271852292
1.271043154
1.268777569
1.268130259
1.266188328
1.266188328
1.267482948
1.268615741
1.267968431
1.268777569
1.270557672
1.271528637
1.272823257
1.270557672
1.269748534
1.269263051
1.270719499
1.265864673
1.264731880
1.265541018
1.265379191
1.265864673
1.267644776
1.266673811
1.271852292
1.268777569
1.267806604
1.266350156
1.264246398
1.265864673
1.268130259
1.268453914
1.268292086
1.269263051
1.270881327
1.271366809
1.271528637
1.269101224
1.270557672
1.271204982
1.270234017
1.268615741
1.270395844
1.272014119
1.266511983
1.268292086
1.269101224
1.271043154
1.268453914
1.267321121
1.267968431
1.267806604
1.265702846
1.267159293
1.266673811
1.265702846
1.266997466
1.265864673
1.273794222
1.269424879
1.270234017
1.268292086
1.270881327
1.271528637
1.273794222
1.272661430
1.271528637
1.270234017
1.268939396
1.263922743
1.267159293
1.267321121
1.264893708
1.266835638
1.270557672
1.272985085
1.271690464
1.270719499
1.268939396
1.270557672
1.272499602
1.270557672
1.270072189
1.272499602
1.270395844
1.268615741
1.270557672
1.270234017
1.268939396
1.268130259
1.267482948
1.266511983
1.266350156
1.268615741
1.264246398
1.264084570
1.270072189
1.266511983
1.270881327
1.274927015
1.274765187
1.273956050
1.269424879
1.273794222
1.269910361
1.270557672
1.269748534
1.270072189
1.267806604
1.266673811
1.267968431
1.269748534
1.268292086
1.267482948
1.268777569
1.264246398
1.266835638
1.264893708
1.264893708
1.262304467
1.266511983
1.269424879
1.270234017
1.274441532
1.273956050
1.273470567
1.273470567
1.274441532
1.272499602
1.274441532
1.271043154
1.274441532
1.273470567
1.271528637
1.270557672
1.272661430
1.271528637
1.272661430
1.266026501
1.271043154
1.272014119
1.271043154
1.273632395
1.272499602
1.269748534
1.270557672
1.271528637
1.276707118
1.273794222
1.270395844
1.270234017
1.268453914
1.263922743
1.264408225
1.265864673
1.266673811
1.271043154
1.266673811
1.270719499
1.267644776
1.272175947
1.268130259
1.270072189
1.270557672
1.269101224
1.271852292
1.273794222
1.270881327
1.272499602
1.270072189
1.270719499
1.271690464
1.268615741
1.268939396
1.267159293
1.268939396
1.267482948
1.265055535
1.262951778
1.266997466
1.270557672
1.269586706
1.266997466
1.268939396
1.265055535
1.266511983
1.265379191
1.266997466
1.269263051
1.267644776
1.269101224
1.272175947
1.272499602
1.272499602
1.271204982
1.273794222
1.276383463
1.273308740
1.269586706
1.267968431
1.271366809
1.269910361
1.271366809
1.266026501
1.265379191
1.266188328
1.266673811
1.266350156
1.270557672
1.267482948
1.269101224
1.269263051
1.272499602
1.275412498
1.276383463
1.279458186
1.278649048
1.274927015
1.277678083
1.273308740
1.269101224
1.271204982
1.267482948
1.271852292
1.266835638
1.269586706
1.269263051
1.263275433
1.266835638
1.265541018
1.269101224
1.270557672
1.269424879
1.267968431
1.276383463
1.276059808
1.272661430
1.271366809
1.268777569
1.273794222
1.274927015
1.269101224
1.269101224
1.268453914
1.262142640
1.263922743
1.266188328
1.266026501
1.266188328
1.269263051
1.272661430
1.276059808
1.274927015
1.271852292
1.271528637
1.272337774
1.272823257
1.275088843
1.270719499
1.272175947
1.272337774
1.270395844
1.270234017
1.270557672
1.269910361
1.271043154
1.266026501
1.265541018
1.265055535
1.263113605
1.262789950
1.267482948
1.265541018
1.267482948
1.268292086
1.277030773
1.274765187
1.270881327
1.269263051
1.272337774
1.275574325
1.274765187
1.274603360
1.275250670
1.270719499
1.268615741
1.266026501
1.265702846
1.265055535
1.262304467
1.266997466
1.267482948
1.266350156
1.266997466
1.266350156
1.266511983
1.269263051
1.274117877
1.274603360
1.273146912
1.274117877
1.279134531
1.273794222
1.270881327
1.269910361
1.265702846
1.267482948
1.263760915
1.262466295
1.266188328
1.269910361
1.267482948
1.268453914
1.273794222
1.274279705
1.272337774
1.275736153
1.274279705
1.275412498
1.276059808
1.272337774
1.273956050
1.270557672
1.270557672
1.270234017
1.270072189
1.266350156
1.266673811
1.266997466
1.263760915
1.264246398
1.266188328
1.265864673
1.267321121
1.265379191
1.266026501
1.268292086
1.267159293
1.268453914
1.270557672
1.268453914
1.268939396
1.267806604
1.264246398
1.261333502
1.265217363
1.262789950
1.267644776
1.265864673
1.270881327
1.270395844
1.269424879
1.266350156
1.265217363
1.268453914
1.267806604
1.269263051
1.268292086
1.270072189
1.268939396
1.271852292
1.269586706
1.268453914
1.268453914
1.270072189
1.270234017
1.267806604
1.266511983
1.264570053
1.265702846
1.265217363
1.269910361
1.267968431
1.271528637
1.271528637
1.270234017
1.275088843
1.270395844
1.275897980
1.272175947
1.270557672
1.272337774
1.272499602
1.270557672
1.270881327
1.270234017
1.267482948
1.268939396
1.268130259
1.269910361
1.270072189
1.268939396
1.269263051
1.267968431
1.268615741
1.269101224
1.272175947
1.269748534
1.273470567
1.271043154
1.277354428
1.276545290
1.274441532
1.275250670
1.271528637
1.269910361
1.269263051
1.261980812
1.263599088
1.266673811
1.268292086
1.269586706
1.272337774
1.273470567
1.274765187
1.273794222
1.274603360
1.272175947
1.274603360
1.271852292
1.272823257
1.269586706
1.268615741
1.267321121
1.268130259
1.264570053
1.264084570
1.262789950
1.262789950
1.262628123
1.265702846
1.268292086
1.266673811
1.268130259
1.268292086
1.270072189
1.269586706
1.269101224
1.270719499
1.267806604
1.269263051
1.268453914
1.268615741
1.267159293
1.267482948
1.267321121
1.269263051
1.268939396
1.267644776
1.269748534
1.269101224
1.269586706
1.267968431
1.266997466
1.274603360
1.274117877
1.275088843
1.275412498
1.272337774
1.272823257
1.272175947
1.271366809
1.271366809
1.269424879
1.266511983
1.268292086
1.266026501
1.266350156
1.263113605
1.266188328
1.268939396
1.272175947
1.269586706
1.269910361
1.269748534
1.269586706
1.271528637
1.268939396
1.268615741
1.267321121
1.273470567
1.272175947
1.271852292
1.272823257
1.271043154
1.271043154
1.266673811
1.265702846
1.264084570
1.264731880
1.268130259
1.265379191
1.268292086
1.267968431
1.268777569
1.270557672
1.271528637
1.272985085
1.274117877
1.272014119
1.272337774
1.269748534
1.266026501
1.267968431
1.266188328
1.268615741
1.266511983
1.266673811
1.266835638
1.264731880
1.267482948
1.266350156
1.266673811
1.265541018
1.267968431
1.268453914
1.271690464
1.269910361
1.269910361
1.271528637
1.270881327
1.268939396
1.268615741
1.265864673
1.267321121
1.265702846
1.265379191
1.263760915
1.264570053
1.265864673
1.267321121
1.270395844
1.270072189
1.272985085
1.271690464
1.268939396
1.270395844
1.269586706
1.273956050
1.270072189
1.269910361
1.269586706
1.268292086
1.269910361
1.266673811
1.265379191
1.265055535
1.265541018
1.265702846
1.267482948
1.269748534
1.273308740
1.270557672
1.269424879
1.271366809
1.272337774
1.272661430
1.270881327
1.271528637
1.272661430
1.270072189
1.269263051
1.267321121
1.268615741
1.266835638
1.271043154
1.268777569
1.272337774
1.269101224
1.267644776
1.268777569
1.271043154
1.272823257
1.268292086
1.270719499
1.268939396
1.270395844
1.268130259
1.264893708
1.266026501
1.266835638
1.269263051
1.268615741
1.265702846
1.267159293
1.267644776
1.266673811
1.266026501
1.266188328
1.268615741
1.268130259
1.268292086
1.267482948
1.269101224
1.269101224
1.269424879
1.270719499
1.272661430
1.274603360
1.271528637
1.272661430
1.267968431
1.267159293
1.264893708
1.263113605
1.264893708
1.264084570
1.268130259
1.267482948
1.267482948
1.269263051
1.265541018
1.265541018
1.266997466
1.265217363
1.267482948
1.271690464
1.269586706
1.269586706
1.267968431
1.268615741
1.268939396
1.270395844
1.268130259
1.266997466
1.264570053
1.265702846
1.265541018
1.267159293
1.268130259
1.270719499
1.272014119
1.273794222
1.277354428
1.274765187
1.271528637
1.270557672
1.270072189
1.267968431
1.265055535
1.267321121
1.268615741
1.266026501
1.267968431
1.267482948
1.269748534
1.268939396
1.267968431
1.269910361
1.269910361
1.268130259
1.269910361
1.270881327
1.268777569
1.271204982
1.270234017
1.274279705
1.271043154
1.269101224
1.269748534
1.269748534
1.267321121
1.267321121
1.265379191
1.266835638
1.269910361
1.268453914
1.271528637
1.272661430
1.271852292
1.271366809
1.272014119
1.271852292
1.268939396
1.270072189
1.268615741
1.270234017
1.266026501
1.265379191
1.269586706
1.269263051
1.272175947
1.269263051
1.269748534
1.269748534
1.267968431
1.270072189
1.272337774
1.270395844
1.270234017
1.272337774
1.274117877
1.272823257
1.271528637
1.270234017
1.268615741
1.272337774
1.270072189
1.275250670
1.269910361
1.268453914
1.268130259
1.266350156
1.267482948
1.266673811
1.268939396
1.266350156
1.267644776
1.270719499
1.268292086
1.271528637
1.270557672
1.269748534
1.268292086
1.268615741
1.269263051
1.271852292
1.270395844
1.266350156
1.267482948
1.267482948
1.266673811
1.265702846
1.266835638
1.265541018
1.265541018
1.266188328
1.263922743
1.267806604
1.270234017
1.273794222
1.276059808
1.276221635
1.277354428
1.275412498
1.272337774
1.274279705
1.270234017
1.269101224
1.266350156
1.265379191
1.264408225
1.265702846
1.266026501
1.266026501
1.268130259
1.269910361
1.269424879
1.272499602
1.271528637
1.276221635
1.272337774
1.271528637
1.272175947
1.272499602
1.274117877
1.271366809
1.271366809
1.269748534
1.267968431
1.267321121
1.265055535
1.264246398
1.266188328
1.263760915
1.267968431
1.268777569
1.271204982
1.271852292
1.278325393
1.276059808
1.275897980
1.279620014
1.276059808
1.276707118
1.273470567
1.270234017
1.272823257
1.274441532
1.274441532
1.274441532
1.272823257
1.273308740
1.269748534
1.270072189
1.270881327
1.269424879
1.271204982
1.272337774
1.272661430
1.274927015
1.278810876
1.278649048
1.278325393
1.277030773
1.277192600
1.275412498
1.273956050
1.274441532
1.275250670
1.276545290
1.275250670
1.273794222
1.273956050
1.270557672
1.272175947
1.270881327
1.266350156
1.264084570
1.262951778
1.266188328
1.264246398
1.266835638
1.268939396
1.272661430
1.273470567
1.275736153
1.278972703
1.275574325
1.276868945
1.274603360
1.277192600
1.276545290
1.275412498
1.275736153
1.275088843
1.276545290
1.273146912
1.271528637
1.275412498
1.274765187
1.270234017
1.276221635
1.278649048
1.276545290
1.279943669
1.276707118
1.278001738
1.278972703
1.274927015
1.266997466
1.268777569
1.272661430
1.272337774
1.269586706
1.271690464
1.275088843
1.274765187
1.276383463
1.274927015
1.275088843
1.270557672
1.272499602
1.267968431
1.264731880
1.270234017
1.272661430
1.273470567
1.275412498
1.276383463
1.276545290
1.274927015
1.280105496
1.278649048
1.275250670
1.277030773
1.276545290
1.270395844
1.275250670
1.274279705
1.271043154
1.269424879
1.271690464
1.272661430
1.269910361
1.271204982
1.271043154
1.268615741
1.266350156
1.268130259
1.269424879
1.272014119
1.268292086
1.272014119
1.271366809
1.268615741
1.266673811
1.266511983
1.267644776
1.266350156
1.269101224
1.265379191
1.267321121
1.266350156
1.266188328
1.262628123
1.267321121
1.263922743
1.265541018
1.269586706
1.269910361
1.272823257
1.269424879
1.268292086
1.269424879
1.269748534
1.270719499
1.269586706
1.269910361
1.267644776
1.269101224
1.268777569
1.268130259
1.271204982
1.271204982
1.271043154
1.274117877
1.271204982
1.268939396
1.270072189
1.269263051
1.271204982
1.266511983
1.266188328
1.266511983
1.266350156
1.266835638
1.265217363
1.265217363
1.269910361
1.271204982
1.274927015
1.272823257
1.271528637
1.275412498
1.273632395
1.276059808
1.272661430
1.271690464
1.272014119
1.274765187
1.271204982
1.269263051
1.264246398
1.264084570
1.265541018
1.265217363
1.267644776
1.269424879
1.273470567
1.274927015
1.276545290
1.270557672
1.270557672
1.271852292
1.269263051
1.271204982
1.269748534
1.266997466
1.267482948
1.272014119
1.272823257
1.273470567
1.274927015
1.273956050
1.273632395
1.272985085
1.273146912
1.271528637
1.270395844
1.271204982
1.270234017
1.271043154
1.269263051
1.270072189
1.267644776
1.276545290
1.270395844
1.268453914
1.266835638
1.265864673
1.265217363
1.266673811
1.264570053
1.265379191
1.265217363
1.264408225
1.269586706
1.268939396
1.271204982
1.269586706
1.269101224
1.266350156
1.267806604
1.268453914
1.267968431
1.271528637
1.269586706
1.274441532
1.273632395
1.275088843
1.272661430
1.270719499
1.268939396
1.267806604
1.266997466
1.263437260
1.265055535
1.264893708
1.265702846
1.266673811
1.270234017
1.270395844
1.271690464
1.274927015
1.273956050
1.275250670
1.270719499
1.275088843
1.271852292
1.268130259
1.267321121
1.265702846
1.268939396
1.266026501
1.269910361
1.268453914
1.265541018
1.266997466
1.265864673
1.267644776
1.267968431
1.268453914
1.269101224
1.272337774
1.270234017
1.271528637
1.273794222
1.270557672
1.268615741
1.268130259
1.267482948
1.265702846
1.267806604
1.265541018
1.266511983
1.268615741
1.275088843
1.275412498
1.276059808
1.271366809
1.276707118
1.272014119
1.272175947
1.271690464
1.268939396
1.267644776
1.272175947
1.270881327
1.270234017
1.274927015
1.272985085
1.268615741
1.271204982
1.270881327
1.272985085
1.272661430
1.272175947
1.278487221
1.273308740
1.278001738
1.276707118
1.275736153
1.277516256
1.277354428
1.274603360
1.269748534
1.268777569
1.267159293
1.265379191
1.268939396
1.267968431
1.270072189
1.271204982
1.269263051
1.271528637
1.269910361
1.270557672
1.273308740
1.271204982
1.273146912
1.275412498
1.273956050
1.274765187
1.270881327
1.273956050
1.277839911
1.273632395
1.271852292
1.270234017
1.272014119
1.270072189
1.270395844
1.267482948
1.267968431
1.271204982
1.268939396
1.268777569
1.270719499
1.266511983
1.270395844
1.269263051
1.266997466
1.267644776
1.271528637
1.270719499
1.276059808
1.272985085
1.271690464
1.272175947
1.270395844
1.270719499
1.269910361
1.268777569
1.266026501
1.267482948
1.265541018
1.264408225
1.263599088
1.264893708
1.268939396
1.271528637
1.271366809
1.272337774
1.271366809
1.268939396
1.272661430
1.269101224
1.269910361
1.267968431
1.266350156
1.267159293
1.266997466
1.264408225
1.261818985
1.262789950
1.262951778
1.264246398
1.260362537
1.263113605
1.263599088
1.265217363
1.266511983
1.268130259
1.268939396
1.269101224
1.273470567
1.273146912
1.271528637
1.270072189
1.270234017
1.268453914
1.270072189
1.268939396
1.267159293
1.269586706
1.268453914
1.270234017
1.268939396
1.268939396
1.268453914
1.270557672
1.269586706
1.268453914
1.266188328
1.265055535
1.266350156
1.265864673
1.271204982
1.265541018
1.267806604
1.268453914
1.265702846
1.269263051
1.268939396
1.269424879
1.267321121
1.265864673
1.269586706
1.268777569
1.267159293
1.268130259
1.268292086
1.267321121
1.267644776
1.266026501
1.271366809
1.270719499
1.273632395
1.272337774
1.274603360
1.272823257
1.273146912
1.270881327
1.272175947
1.272499602
1.272661430
1.271690464
1.269263051
1.266026501
1.267159293
1.266997466
1.266673811
1.264570053
1.266997466
1.266350156
1.268292086
1.268939396
1.268130259
1.267806604
1.271043154
1.272175947
1.272661430
1.272014119
1.272661430
1.274603360
1.273956050
1.272014119
1.272823257
1.273470567
1.275412498
1.275736153
1.272175947
1.269748534
1.269586706
1.266835638
1.266997466
1.266026501
1.264570053
1.263275433
1.266511983
1.265541018
1.264570053
1.263599088
1.265541018
1.264408225
1.266026501
1.269424879
1.268615741
1.266350156
1.271204982
1.270557672
1.270395844
1.270719499
1.271528637
1.273794222
1.274927015
1.273632395
1.274603360
1.272985085
1.270234017
1.269263051
1.268939396
1.270557672
1.268292086
1.272661430
1.274927015
1.275412498
1.277678083
1.275736153
1.275412498
1.276221635
1.273794222
1.273146912
1.271528637
1.267644776
1.270719499
1.263599088
1.264408225
1.264408225
1.267482948
1.269263051
1.270234017
1.272014119
1.276383463
1.275574325
1.277354428
1.277839911
1.280267324
1.281400116
1.277516256
1.274603360
1.271528637
1.270557672
1.270719499
1.268777569
1.269586706
1.268130259
1.265217363
1.265702846
1.263760915
1.262789950
1.261657157
1.260200710
1.261009847
1.265217363
1.265702846
1.266350156
1.268939396
1.270719499
1.272014119
1.273308740
1.273146912
1.273470567
1.275412498
1.272175947
1.279620014
1.275088843
1.276545290
1.272823257
1.275088843
1.272014119
1.267806604
1.265702846
1.268453914
1.266350156
1.265055535
1.262951778
1.265217363
1.265379191
1.266997466
1.269263051
1.268777569
1.270719499
1.268939396
1.270395844
1.269424879
1.268292086
1.272823257
1.266673811
1.269424879
1.267321121
1.269263051
1.269586706
1.266673811
1.267644776
1.271043154
1.268777569
1.271366809
1.269586706
1.272499602
1.273632395
1.271043154
1.273794222
1.275897980
1.272985085
1.275412498
1.272985085
1.271043154
1.267321121
1.263760915
1.261818985
1.260200710
1.257449642
1.261171675
1.259877055
1.269586706
1.265379191
1.267321121
1.265864673
1.267321121
1.268615741
1.269263051
1.273794222
1.271528637
1.267321121
1.270881327
1.267968431
1.266673811
1.269910361
1.271043154
1.271366809
1.271690464
1.272175947
1.268777569
1.268939396
1.266673811
1.269263051
1.269424879
1.274117877
1.272499602
1.276221635
1.273794222
1.275088843
1.272499602
1.273794222
1.273794222
1.271852292
1.274765187
1.273632395
1.272823257
1.272661430
1.270234017
1.268777569
1.272661430
1.273308740
1.271528637
1.271366809
1.271690464
1.273632395
1.271852292
1.270072189
1.268292086
1.268939396
1.269910361
1.270881327
1.273470567
1.271366809
1.271528637
1.267806604
1.268292086
1.267644776
1.267968431
1.268292086
1.269910361
1.270234017
1.271366809
1.270234017
1.269263051
1.268939396
1.271366809
1.270881327
1.269263051
1.268453914
1.268939396
1.266673811
1.268292086
1.266026501
1.269910361
1.268615741
1.271366809
1.269586706
1.264408225
1.266350156
1.262951778
1.261657157
1.263599088
1.265379191
1.266188328
1.267159293
1.272014119
1.272337774
1.271366809
1.271366809
1.273308740
1.272175947
1.273632395
1.270881327
1.270557672
1.269910361
1.267644776
1.266997466
1.264570053
1.266026501
1.265217363
1.268939396
1.269424879
1.269263051
1.267159293
1.270881327
1.273470567
1.272823257
1.272499602
1.271690464
1.271852292
1.273632395
1.272337774
1.272499602
1.271690464
1.273632395
1.273308740
1.270881327
1.271528637
1.272014119
1.269910361
1.270234017
1.269101224
1.271204982
1.271204982
1.270557672
1.271043154
1.272823257
1.272175947
1.273146912
1.269748534
1.269101224
1.272985085
1.270719499
1.274117877
1.270234017
1.272823257
1.271204982
1.268130259
1.265864673
1.270072189
1.269424879
1.269263051
1.265702846
1.266511983
1.266026501
1.267806604
1.268292086
1.266997466
1.266350156
1.268615741
1.266835638
1.268453914
1.267806604
1.266835638
1.266673811
1.269263051
1.268130259
1.267159293
1.268292086
1.270234017
1.269910361
1.268777569
1.267968431
1.266350156
1.266997466
1.266026501
1.267159293
1.267159293
1.268453914
1.269748534
1.271043154
1.270234017
1.272985085
1.271366809
1.271204982
1.273632395
1.270072189
1.269101224
1.268615741
1.266835638
1.267159293
1.266997466
1.269101224
1.269263051
1.268777569
1.267644776
1.268130259
1.265217363
1.264731880
1.265541018
1.267321121
1.269748534
1.267482948
1.269748534
1.269424879
1.271528637
1.269586706
1.271366809
1.270072189
1.271690464
1.271690464
1.270234017
1.270072189
1.272337774
1.271852292
1.272175947
1.272014119
1.270395844
1.270234017
1.270557672
1.267968431
1.266835638
1.263113605
1.262951778
1.264408225
1.267321121
1.267968431
1.269263051
1.269748534
1.271043154
1.270072189
1.270072189
1.271528637
1.271204982
1.270395844
1.272985085
1.269101224
1.270072189
1.270881327
1.269424879
1.268777569
1.270234017
1.269748534
1.268939396
1.268130259
1.267968431
1.266511983
1.266188328
1.266511983
1.269910361
1.273308740
1.273956050
1.275574325
1.275412498
1.273632395
1.274603360
1.270072189
1.267644776
1.264084570
1.265055535
1.266835638
1.265541018
1.264084570
1.266835638
1.266997466
1.266350156
1.268292086
1.266997466
1.266673811
1.267968431
1.268615741
1.273632395
1.270881327
1.270881327
1.270234017
1.276545290
1.277030773
1.275412498
1.270557672
1.269910361
1.269424879
1.265379191
1.262466295
1.263437260
1.263275433
1.265379191
1.264408225
1.266350156
1.266835638
1.266350156
1.267968431
1.269424879
1.269263051
1.272175947
1.268453914
1.270072189
1.272337774
1.272175947
1.271043154
1.273146912
1.274441532
1.277678083
1.273632395
1.275250670
1.269263051
1.266188328
1.262628123
1.265217363
1.266188328
1.268292086
1.271852292
1.274279705
1.275412498
1.275574325
1.274441532
1.272985085
1.274927015
1.272661430
1.270719499
1.270557672
1.271690464
1.269586706
1.266997466
1.266997466
1.267159293
1.266835638
1.269586706
1.265055535
1.266350156
1.267321121
1.265541018
1.266673811
1.268130259
1.270557672
1.270881327
1.276059808
1.273632395
1.274441532
1.273146912
1.272175947
1.268939396
1.270881327
1.267806604
1.268777569
1.266511983
1.267482948
1.269586706
1.267968431
1.267968431
1.267806604
1.268130259
1.267482948
1.266997466
1.268453914
1.268292086
1.267968431
1.269424879
1.267968431
1.271204982
1.269910361
1.271204982
1.272661430
1.269910361
1.270557672
1.266350156
1.268292086
1.266835638
1.266511983
1.266511983
1.268130259
1.267482948
1.266997466
1.264570053
1.265541018
1.266026501
1.267968431
1.268615741
1.268453914
1.267806604
1.267482948
1.268453914
1.268130259
1.269424879
1.266997466
1.268292086
1.271852292
1.270719499
1.264893708
1.268939396
1.267644776
1.268615741
1.268777569
1.269910361
1.269586706
1.271852292
1.272337774
1.268453914
1.267482948
1.268939396
1.269263051
1.270072189
1.271690464
1.269424879
1.270881327
1.270072189
1.272499602
1.270395844
1.272175947
1.270881327
1.270557672
1.271852292
1.271204982
1.271204982
1.267321121
1.268130259
1.269748534
1.268939396
1.268777569
1.268292086
1.267321121
1.269101224
1.269748534
1.267968431
1.267482948
1.270395844
1.272499602
1.270557672
1.270072189
1.271043154
1.269910361
1.268615741
1.269424879
1.267159293
1.267159293
1.269586706
1.267644776
1.270395844
1.269910361
1.265217363
1.266026501
1.265541018
1.262628123
1.264246398
1.262628123
1.261980812
1.266350156
1.265541018
1.266188328
1.263922743
1.268292086
1.266997466
1.268615741
1.270234017
1.271204982
1.268777569
1.269263051
1.272014119
1.271366809
1.271690464
1.269101224
1.269101224
1.271366809
1.268615741
1.274117877
1.266511983
1.269748534
1.269263051
1.269101224
1.270719499
1.270234017
1.271043154
1.269424879
1.268292086
1.268777569
1.269910361
1.270557672
1.270719499
1.273794222
1.273308740
1.270557672
1.271366809
1.271043154
1.269748534
1.269910361
1.267968431
1.269910361
1.269424879
1.269586706
1.269101224
1.269586706
1.269586706
1.267321121
1.271690464
1.272014119
1.272661430
1.272337774
1.270234017
1.268453914
1.271366809
1.272014119
1.272499602
1.275574325
1.272175947
1.270881327
1.267644776
1.271690464
1.268130259
1.266673811
1.267482948
1.265217363
1.266511983
1.265541018
1.266188328
1.265055535
1.264408225
1.264893708
1.267968431
1.264731880
1.266673811
1.266511983
1.267482948
1.267806604
1.266673811
1.267321121
1.268939396
1.270557672
1.272661430
1.270072189
1.269586706
1.268777569
1.267806604
1.266350156
1.266997466
1.267482948
1.270072189
1.273146912
1.272661430
1.272661430
1.271852292
1.271690464
1.270234017
1.273146912
1.272661430
1.270881327
1.269424879
1.270395844
1.268777569
1.266673811
1.267968431
1.268939396
1.270881327
1.270072189
1.267806604
1.268130259
1.267968431
1.267644776
1.266188328
1.266835638
1.269424879
1.268615741
1.272499602
1.273470567
1.274279705
1.276059808
1.274441532
1.272337774
1.271204982
1.270395844
1.269424879
1.271204982
1.270395844
1.269263051
1.266835638
1.267644776
1.270234017
1.271204982
1.270395844
1.268453914
1.266511983
1.267806604
1.266350156
1.265702846
1.264731880
1.266997466
1.265055535
1.268453914
1.268615741
1.267644776
1.265379191
1.264570053
1.266511983
1.265864673
1.266997466
1.267806604
1.268615741
1.270719499
1.270234017
1.267482948
1.268615741
1.268615741
1.268130259
1.269748534
1.268453914
1.269424879
1.266835638
1.268939396
1.270719499
1.270881327
1.270395844
1.270719499
1.271690464
1.271852292
1.272014119
1.272823257
1.266835638
1.271043154
1.268777569
1.269424879
1.270557672
1.269101224
1.271043154
1.272823257
1.271690464
1.275736153
1.268939396
1.270557672
1.271528637
1.271043154
1.269424879
1.269910361
1.270557672
1.267159293
1.267482948
1.271528637
1.269586706
1.271852292
1.270557672
1.270072189
1.271366809
1.267806604
1.269263051
1.268939396
1.268292086
1.268130259
1.268453914
1.269586706
1.273470567
1.268292086
1.269910361
1.267482948
1.268453914
1.269263051
1.266673811
1.268292086
1.267482948
1.268292086
1.269424879
1.266511983
1.270881327
1.268939396
1.270395844
1.267482948
1.264731880
1.262789950
1.260524365
1.261009847
1.265055535
1.261333502
1.264084570
1.265055535
1.267644776
1.268453914
1.268939396
1.268130259
1.271366809
1.271366809
1.271852292
1.269910361
1.272661430
1.269910361
1.272499602
1.271852292
1.271366809
1.269424879
1.269424879
1.271528637
1.272337774
1.268130259
1.266026501
1.268615741
1.269263051
1.269910361
1.270072189
1.267482948
1.271204982
1.272661430
1.272175947
1.276707118
1.271366809
1.269910361
1.272661430
1.269910361
1.268939396
1.269748534
1.268453914
1.271528637
1.272175947
1.274117877
1.271852292
1.271204982
1.274603360
1.269748534
1.270881327
1.270557672
1.269263051
1.269910361
1.270719499
1.266997466
1.269101224
1.270395844
1.269910361
1.270881327
1.266673811
1.266026501
1.263437260
1.268292086
1.267159293
1.266835638
1.266511983
1.266835638
1.266835638
1.264893708
1.266835638
1.266188328
1.267644776
1.269910361
1.267321121
1.266026501
1.262951778
1.261495330
1.263275433
1.265217363
1.266188328
1.265702846
1.268777569
1.269424879
1.268292086
1.268292086
1.265864673
1.266997466
1.268292086
1.268939396
1.270719499
1.268130259
1.269910361
1.269263051
1.270719499
1.269424879
1.268777569
1.269586706
1.271043154
1.271043154
1.268453914
1.266997466
1.263437260
1.266350156
1.266997466
1.266673811
1.269263051
1.270072189
1.271852292
1.271043154
1.272985085
1.271690464
1.273794222
1.276059808
1.272985085
1.270234017
1.269586706
1.267644776
1.268292086
1.267644776
1.266026501
1.274279705
1.266835638
1.269586706
1.270395844
1.267806604
1.269424879
1.269263051
1.271690464
1.273308740
1.271852292
1.275088843
1.273470567
1.275412498
1.270234017
1.270557672
1.269263051
1.266673811
1.266511983
1.266350156
1.263760915
1.262628123
1.265702846
1.267806604
1.266835638
1.267159293
1.263760915
1.266997466
1.268130259
1.268130259
1.269910361
1.266835638
1.265702846
1.267482948
1.267482948
1.268939396
1.267644776
1.268292086
1.270072189
1.267968431
1.264246398
1.263275433
1.266673811
1.265541018
1.266997466
1.266835638
1.266350156
1.267644776
1.269424879
1.268453914
1.268939396
1.268292086
1.269101224
1.271204982
1.272985085
1.269101224
1.269263051
1.267806604
1.270072189
1.270072189
1.271043154
1.269910361
1.270557672
1.272014119
1.269424879
1.268130259
1.266997466
1.267806604
1.265379191
1.266997466
1.270072189
1.270234017
1.272175947
1.274117877
1.272337774
1.272337774
1.272175947
1.271366809
1.272499602
1.271852292
1.267482948
1.267482948
1.266026501
1.266188328
1.267159293
1.269424879
1.268292086
1.268777569
1.270395844
1.270234017
1.270395844
1.267482948
1.269101224
1.269263051
1.272337774
1.270072189
1.274117877
1.274117877
1.273632395
1.272014119
1.271204982
1.269424879
1.267644776
1.267968431
1.265217363
1.263599088
1.266835638
1.265864673
1.266673811
1.267482948
1.267159293
1.266997466
1.267482948
1.265864673
1.266511983
1.263760915
1.261818985
1.263922743
1.265379191
1.266511983
1.267968431
1.270557672
1.269424879
1.272985085
1.272014119
1.270234017
1.269101224
1.267968431
1.270234017
1.268130259
1.267644776
1.264084570
1.265055535
1.270072189
1.268777569
1.270072189
1.271852292
1.269424879
1.270072189
1.271528637
1.269424879
1.267321121
1.270234017
1.274603360
1.272823257
1.275412498
1.275412498
1.273146912
1.269910361
1.270719499
1.268130259
1.268453914
1.265055535
1.266026501
1.268453914
1.266835638
1.266997466
1.268453914
1.267482948
1.273956050
1.271690464
1.278649048
1.275736153
1.273956050
1.274117877
1.272014119
1.270719499
1.272337774
1.272985085
1.269910361
1.269263051
1.271366809
1.269748534
1.267644776
1.265702846
1.262466295
1.271366809
1.263922743
1.266026501
1.268615741
1.267321121
1.268130259
1.268453914
1.270234017
1.270234017
1.268453914
1.271528637
1.266350156
1.269263051
1.269586706
1.268130259
1.265217363
1.265702846
1.265702846
1.266350156
1.270234017
1.268453914
1.267968431
1.266997466
1.267644776
1.268939396
1.268130259
1.266188328
1.273308740
1.274117877
1.274927015
1.277192600
1.273794222
1.277839911
1.280590979
1.281076461
1.280752806
1.280429151
1.279620014
1.273632395
1.273146912
1.271043154
1.270881327
1.272014119
1.272337774
1.266350156
1.272175947
1.273794222
1.271690464
1.276707118
1.272823257
1.274603360
1.274117877
1.277354428
1.272014119
1.273146912
1.270881327
1.271204982
1.269748534
1.270234017
1.268453914
1.268292086
1.268777569
1.266835638
1.266835638
1.268292086
1.268615741
1.268615741
1.274927015
1.276707118
1.274279705
1.273794222
1.274279705
1.275412498
1.274117877
1.271852292
1.273470567
1.268939396
1.269586706
1.266026501
1.264570053
1.262142640
1.262304467
1.262789950
1.267806604
1.268130259
1.265055535
1.265864673
1.268615741
1.269748534
1.269910361
1.269424879
1.273146912
1.268939396
1.268777569
1.269424879
1.272661430
1.271366809
1.268939396
1.271528637
1.266188328
1.268777569
1.266350156
1.270881327
1.272175947
1.269424879
1.268615741
1.270557672
1.271528637
1.269101224
1.275088843
1.273470567
1.273794222
1.276221635
1.270557672
1.269101224
1.270072189
1.267644776
1.270072189
1.274279705
1.271528637
1.270234017
1.270072189
1.273146912
1.274765187
1.273794222
1.267968431
1.268292086
1.274441532
1.276383463
1.277839911
1.278001738
1.273308740
1.271528637
1.278972703
1.277516256
1.273470567
1.272175947
1.273308740
1.267644776
1.267482948
1.267321121
1.265379191
1.266026501
1.267321121
1.267806604
1.275574325
1.269263051
1.270881327
1.274603360
1.272823257
1.269263051
1.269910361
1.268292086
1.271043154
1.269910361
1.268777569
1.266511983
1.269101224
1.268292086
1.267644776
1.266997466
1.269101224
1.266997466
1.267644776
1.263275433
1.264731880
1.267968431
1.268292086
1.271528637
1.270557672
1.272661430
1.271043154
1.271852292
1.268453914
1.271043154
1.269424879
1.269910361
1.269263051
1.268292086
1.265702846
1.264408225
1.265055535
1.268777569
1.270234017
1.274441532
1.274441532
1.276868945
1.275088843
1.272175947
1.271366809
1.271852292
1.269101224
1.269748534
1.269424879
1.270395844
1.274927015
1.273794222
1.274765187
1.273956050
1.273794222
1.272823257
1.271852292
1.268453914
1.274279705
1.276383463
1.276059808
1.275088843
1.275897980
1.276868945
1.273794222
1.273146912
1.273146912
1.273308740
1.273794222
1.272823257
1.272823257
1.276707118
1.273956050
1.272661430
1.269586706
1.271204982
1.266997466
1.268939396
1.267482948
1.265379191
1.267482948
1.267159293
1.267968431
1.267644776
1.266997466
1.266026501
1.267482948
1.270234017
1.272985085
1.268292086
1.267321121
1.268939396
1.269748534
1.269263051
1.268939396
1.268292086
1.270395844
1.272661430
1.272014119
1.272175947
1.270881327
1.272661430
1.268777569
1.270395844
1.271043154
1.270881327
1.270072189
1.271366809
1.274117877
1.271043154
1.270072189
1.268292086
1.269748534
1.273308740
1.273956050
1.269748534
1.270881327
1.274765187
1.275897980
1.276545290
1.276059808
1.276383463
1.276868945
1.280267324
1.280590979
1.277678083
1.276545290
1.274927015
1.270072189
1.269263051
1.268939396
1.268777569
1.271043154
1.271043154
1.274765187
1.275250670
1.277516256
1.277839911
1.279134531
1.280590979
1.278649048
1.278001738
1.277030773
1.276545290
1.274765187
1.273956050
1.271852292
1.274117877
1.267159293
1.268292086
1.264570053
1.263599088
1.262951778
1.265541018
1.261171675
1.264570053
1.267321121
1.273794222
1.277678083
1.275736153
1.284474840
1.277192600
1.278001738
1.276868945
1.272175947
1.269101224
1.264246398
1.262951778
1.263437260
1.261980812
1.264893708
1.264084570
1.268130259
1.269748534
1.273632395
1.272661430
1.267644776
1.269424879
1.267644776
1.269586706
1.270719499
1.271690464
1.275897980
1.278001738
1.275736153
1.274117877
1.269910361
1.268939396
1.268453914
1.268939396
1.266188328
1.265541018
1.271366809
1.267159293
1.266997466
1.269748534
1.270234017
1.270881327
1.273956050
1.272499602
1.274765187
1.269586706
1.270719499
1.270881327
1.271366809
1.270881327
1.273632395
1.271528637
1.271204982
1.272661430
1.268777569
1.267482948
1.267321121
1.266350156
1.263760915
1.263437260
1.263760915
1.268130259
1.266997466
1.266673811
1.268939396
1.269748534
1.273470567
1.273956050
1.275088843
1.271043154
1.270719499
1.269748534
1.266511983
1.266350156
1.266673811
1.265864673
1.266188328
1.266835638
1.264084570
1.264731880
1.262466295
1.265217363
1.267321121
1.265055535
1.267644776
1.266673811
1.268939396
1.270234017
1.267644776
1.268939396
1.275412498
1.276221635
1.277839911
1.274765187
1.275736153
1.272014119
1.270072189
1.270557672
1.267968431
1.268130259
1.271043154
1.272661430
1.270234017
1.272499602
1.269910361
1.270557672
1.272661430
1.272337774
1.267968431
1.269101224
1.269748534
1.268453914
1.269748534
1.270395844
1.268453914
1.271043154
1.274279705
1.273308740
1.271366809
1.268292086
1.265702846
1.267321121
1.266188328
1.264246398
1.266673811
1.267806604
1.272014119
1.272823257
1.274441532
1.270072189
1.268939396
1.274279705
1.272985085
1.275736153
1.276383463
1.274927015
1.276059808
1.275574325
1.275412498
1.272661430
1.275250670
1.275412498
1.275088843
1.271690464
1.269101224
1.271204982
1.267482948
1.269424879
1.272337774
1.272985085
1.269910361
1.275574325
1.274765187
1.276383463
1.272499602
1.269101224
1.270234017
1.273308740
1.271204982
1.272823257
1.272014119
1.274279705
1.274117877
1.276707118
1.273308740
1.273308740
1.272823257
1.272823257
1.272661430
1.274927015
1.268453914
1.271204982
1.270234017
1.271852292
1.275412498
1.272661430
1.271528637
1.272337774
1.271852292
1.271528637
1.269748534
1.271690464
1.272823257
1.273146912
1.274765187
1.272337774
1.275736153
1.270072189
1.271366809
1.267968431
1.269910361
1.269263051
1.270719499
1.269424879
1.271690464
1.271043154
1.269424879
1.269263051
1.270234017
1.269910361
1.267644776
1.275088843
1.273470567
1.272499602
1.272499602
1.275412498
1.272499602
1.274927015
1.268939396
1.270881327
1.268130259
1.272661430
1.269424879
1.272823257
1.269424879
1.269424879
1.270881327
1.268292086
1.272014119
1.271366809
1.269586706
1.269424879
1.272175947
1.270557672
1.270719499
1.268777569
1.269910361
1.270072189
1.268615741
1.267806604
1.271204982
1.268615741
1.266350156
1.267159293
1.265055535
1.267644776
1.266350156
1.270234017
1.265702846
1.266997466
1.266673811
1.270557672
1.268615741
1.265702846
1.265379191
1.266350156
1.268453914
1.266026501
1.268292086
1.270072189
1.269910361
1.270719499
1.269910361
1.271528637
1.268292086
1.267321121
1.266350156
1.268292086
1.271043154
1.269263051
1.267806604
1.267321121
1.270395844
1.270557672
1.268615741
1.269263051
1.272337774
1.267644776
1.267644776
1.268453914
1.267159293
1.268292086
1.269263051
1.271690464
1.271366809
1.269586706
1.270881327
1.268939396
1.266511983
1.266673811
1.267321121
1.264893708
1.274603360
1.271043154
1.273308740
1.274603360
1.273146912
1.275250670
1.267968431
1.268130259
1.265702846
1.266026501
1.265541018
1.266350156
1.268453914
1.269424879
1.267321121
1.270557672
1.269263051
1.269748534
1.270072189
1.270234017
1.269748534
1.266835638
1.265379191
1.267321121
1.269424879
1.271204982
1.270395844
1.269424879
1.268777569
1.268130259
1.264731880
1.263275433
1.263113605
1.262466295
1.268453914
1.268615741
1.269748534
1.270719499
1.274441532
1.272337774
1.275088843
1.274117877
1.275088843
1.270557672
1.270234017
1.268777569
1.267806604
1.266350156
1.266835638
1.267806604
1.269424879
1.269424879
1.269263051
1.268130259
1.268453914
1.266350156
1.266997466
1.266997466
1.269263051
1.271528637
1.274117877
1.273308740
1.274441532
1.271852292
1.272014119
1.269586706
1.268939396
1.268453914
1.266673811
1.268453914
1.268615741
1.268777569
1.267321121
1.265864673
1.266673811
1.266350156
1.265379191
1.267644776
1.267482948
1.267644776
1.268453914
1.268939396
1.269424879
1.269263051
1.271690464
1.269748534
1.271043154
1.269910361
1.269101224
1.267159293
1.265864673
1.266188328
1.267321121
1.266835638
1.267644776
1.268292086
1.266350156
1.266673811
1.267968431
1.269263051
1.271852292
1.270719499
1.271204982
1.274117877
1.273956050
1.273956050
1.270234017
1.270719499
1.268777569
1.270395844
1.268615741
1.269586706
1.265702846
1.264731880
1.265702846
1.262142640
1.263599088
1.266026501
1.267482948
1.269586706
1.272661430
1.270234017
1.271528637
1.269910361
1.272014119
1.274603360
1.274117877
1.272499602
1.271204982
1.270881327
1.269424879
1.265217363
1.265055535
1.264408225
1.268130259
1.268292086
1.266835638
1.267321121
1.270557672
1.270234017
1.270234017
1.268292086
1.269748534
1.271204982
1.273470567
1.270719499
1.272014119
1.268453914
1.268130259
1.265702846
1.268130259
1.268615741
1.268939396
1.271204982
1.269263051
1.268453914
1.268939396
1.269748534
1.269910361
1.270234017
1.274441532
1.269910361
1.272014119
1.269910361
1.268453914
1.268453914
1.267806604
1.269424879
1.269748534
1.269424879
1.269910361
1.271043154
1.271528637
1.267806604
1.267968431
1.268130259
1.265379191
1.264408225
1.265541018
1.264408225
1.267159293
1.264570053
1.265864673
1.265864673
1.267321121
1.269101224
1.267321121
1.270072189
1.266835638
1.268453914
1.263599088
1.265217363
1.265702846
1.265864673
1.266673811
1.267806604
1.266673811
1.269748534
1.266835638
1.271043154
1.273146912
1.269263051
1.274441532
1.270719499
1.272175947
1.269748534
1.266026501
1.266997466
1.268292086
1.268939396
1.268939396
1.268939396
1.267968431
1.267159293
1.266835638
1.266673811
1.265217363
1.266188328
1.267806604
1.270881327
1.271528637
1.270234017
1.272499602
1.269101224
1.273794222
1.272175947
1.270719499
1.270557672
1.267806604
1.268453914
1.269910361
1.267644776
1.265541018
1.266026501
1.268777569
1.270881327
1.270234017
1.271852292
1.273632395
1.272499602
1.274117877
1.272499602
1.270557672
1.271528637
1.271366809
1.270234017
1.266835638
1.267806604
1.267159293
1.266835638
1.267482948
1.265864673
1.265379191
1.266997466
1.266673811
1.264408225
1.264408225
1.266026501
1.266673811
1.269424879
1.272175947
1.272014119
1.273794222
1.270234017
1.271528637
1.272337774
1.269263051
1.268615741
1.267321121
1.269748534
1.270557672
1.268130259
1.268939396
1.266350156
1.266026501
1.270234017
1.271690464
1.272499602
1.268615741
1.267159293
1.270719499
1.270395844
1.268777569
1.273470567
1.271690464
1.275736153
1.272014119
1.267644776
1.269101224
1.267644776
1.268130259
1.270234017
1.269586706
1.272014119
1.268615741
1.266835638
1.267321121
1.264408225
1.266350156
1.271043154
1.273470567
1.270881327
1.274603360
1.271852292
1.274927015
1.273146912
1.271690464
1.272661430
1.271852292
1.269263051
1.272014119
1.268615741
1.267968431
1.265217363
1.265379191
1.261818985
1.263760915
1.265217363
1.268939396
1.267321121
1.275412498
1.272823257
1.270395844
1.269748534
1.270395844
1.271366809
1.270395844
1.270234017
1.268615741
1.271043154
1.270072189
1.266997466
1.265541018
1.268130259
1.267321121
1.267321121
1.268292086
1.269101224
1.266997466
1.268939396
1.267644776
1.267321121
1.269586706
1.268939396
1.273470567
1.269263051
1.273308740
1.271043154
1.268453914
1.270557672
1.269910361
1.269910361
1.270072189
1.272337774
1.266673811
1.267321121
1.265702846
1.263599088
1.266026501
1.265541018
1.269263051
1.269910361
1.270072189
1.266835638
1.267968431
1.265379191
1.263275433
1.266350156
1.266835638
1.266350156
1.268292086
1.271852292
1.270881327
1.271690464
1.269586706
1.271043154
1.271852292
1.269748534
1.268615741
1.268453914
1.267806604
1.265541018
1.269748534
1.264570053
1.267482948
1.268615741
1.266997466
1.268777569
1.269101224
1.269586706
1.268777569
1.270072189
1.269263051
1.269910361
1.272499602
1.274279705
1.272337774
1.274441532
1.270881327
1.270072189
1.274117877
1.270234017
1.270881327
1.269586706
1.270881327
1.271204982
1.269748534
1.268615741
1.271528637
1.268939396
1.268615741
1.269263051
1.267644776
1.265702846
1.269748534
1.269101224
1.272985085
1.272175947
1.275412498
1.276059808
1.276707118
1.271852292
1.270557672
1.267321121
1.265864673
1.265379191
1.265055535
1.266997466
1.267321121
1.266188328
1.265217363
1.266188328
1.264731880
1.266350156
1.266026501
1.267159293
1.265541018
1.268292086
1.268453914
1.268777569
1.269101224
1.272175947
1.270234017
1.268453914
1.271043154
1.267159293
1.266511983
1.261171675
1.260038882
1.260686192
1.260848020
1.262628123
1.267968431
1.267806604
1.268777569
1.270234017
1.270072189
1.268615741
1.268615741
1.269101224
1.269424879
1.269424879
1.268453914
1.268130259
1.267806604
1.269424879
1.267159293
1.265702846
1.267159293
1.267321121
1.267482948
1.267968431
1.267806604
1.265217363
1.267968431
1.271690464
1.271852292
1.272661430
1.272985085
1.270395844
1.269586706
1.266835638
1.264246398
1.265379191
1.265379191
1.264570053
1.267482948
1.267968431
1.268292086
1.268130259
1.267806604
1.267968431
1.269586706
1.266997466
1.270557672
1.267968431
1.266350156
1.266673811
1.265379191
1.266350156
1.273146912
1.270881327
1.271043154
1.269910361
1.269748534
1.266835638
1.263599088
1.265217363
1.265217363
1.265055535
1.265055535
1.264570053
1.265379191
1.265864673
1.265702846
1.265541018
1.264246398
