1.538382337
1.543398995
1.543722650
1.543884478
1.536925889
1.535469440
1.539676959
1.541457063
1.540324269
1.540000614
1.540809752
1.540324269
1.540647925
1.539353303
1.537249544
1.538544165
1.535954923
1.534660301
1.533851163
1.537735027
1.537735027
1.535145784
1.534822129
1.534822129
1.537896854
1.534660301
1.537896854
1.535307612
1.535631267
1.535307612
1.536925889
1.536602233
1.537896854
1.539676959
1.543237167
1.543075339
1.540971580
1.544046305
1.546797376
1.538544165
1.538220510
1.534336646
1.534174818
1.534336646
1.532394714
1.534012991
1.534660301
1.531261921
1.532394714
1.533851163
1.533365680
1.533689335
1.532880197
1.534660301
1.534660301
1.532718370
1.533365680
1.537249544
1.536116750
1.541457063
1.536602233
1.536764061
1.535469440
1.534174818
1.533203853
1.531100093
1.531423748
1.531261921
1.532071059
1.533851163
1.534498474
1.532232887
1.535307612
1.533851163
1.538867820
1.536440406
1.535954923
1.538220510
1.537087716
1.535954923
1.535307612
1.535307612
1.535145784
1.533042025
1.534983957
1.536602233
1.533527508
1.533203853
1.529481817
1.534660301
1.532556542
1.531909231
1.534983957
1.537249544
1.535631267
1.538544165
1.539676959
1.538705993
1.540162442
1.539515131
1.540809752
1.541618891
1.541942546
1.542751684
1.543237167
1.540000614
1.540647925
1.543884478
1.541295235
1.542751684
1.540000614
1.539353303
1.537573199
1.535307612
1.533689335
1.534983957
1.534012991
1.537735027
1.536764061
1.541618891
1.540000614
1.541780718
1.541295235
1.543884478
1.540000614
1.537249544
1.536440406
1.533527508
1.532232887
1.531261921
1.530776438
1.529643644
1.532394714
1.531909231
1.532556542
1.536278578
1.533689335
1.531909231
1.533042025
1.534983957
1.533851163
1.534498474
1.535307612
1.535631267
1.534822129
1.538705993
1.536764061
1.536440406
1.537087716
1.536602233
1.536764061
1.535145784
1.534660301
1.531100093
1.532718370
1.534012991
1.532880197
1.535469440
1.533689335
1.535631267
1.538705993
1.534983957
1.536278578
1.537087716
1.535793095
1.537573199
1.538058682
1.535469440
1.535307612
1.538382337
1.535954923
1.537735027
1.535954923
1.537411371
1.538705993
1.537411371
1.537249544
1.537249544
1.539353303
1.539191476
1.535954923
1.535954923
1.534498474
1.533527508
1.536278578
1.537249544
1.537573199
1.539191476
1.538382337
1.539191476
1.537087716
1.536440406
1.534660301
1.534660301
1.532718370
1.534822129
1.532880197
1.532556542
1.531909231
1.535307612
1.534336646
1.533365680
1.535631267
1.534983957
1.534660301
1.535954923
1.534498474
1.537896854
1.536116750
1.543075339
1.547282859
1.547444686
1.548091997
1.547606514
1.546311893
1.540162442
1.540324269
1.541295235
1.537249544
1.533365680
1.533365680
1.532071059
1.531585576
1.531423748
1.531585576
1.531423748
1.532394714
1.533042025
1.534174818
1.533527508
1.533851163
1.533203853
1.535469440
1.537087716
1.537087716
1.539191476
1.545826410
1.548415652
1.547930169
1.545340927
1.538867820
1.542751684
1.542428029
1.537087716
1.533689335
1.535307612
1.534660301
1.535307612
1.535631267
1.532071059
1.535307612
1.532232887
1.534012991
1.532880197
1.536278578
1.537735027
1.536925889
1.538705993
1.540809752
1.542913512
1.541618891
1.540809752
1.538705993
1.539838786
1.537735027
1.534336646
1.535307612
1.536925889
1.539515131
1.535307612
1.537411371
1.535145784
1.535954923
1.543398995
1.546150065
1.543884478
1.545988237
1.548415652
1.547606514
1.540971580
1.540809752
1.536925889
1.534336646
1.534012991
1.533689335
1.533042025
1.531261921
1.530452782
1.530776438
1.529967299
1.530776438
1.528672678
1.531261921
1.534174818
1.531909231
1.535631267
1.537573199
1.538705993
1.538867820
1.540162442
1.538867820
1.550357584
1.550843067
1.547606514
1.545340927
1.544531788
1.542104373
1.539838786
1.531909231
1.530938265
1.531585576
1.532718370
1.535145784
1.536116750
1.537411371
1.537249544
1.537896854
1.541618891
1.541618891
1.539191476
1.541618891
1.541457063
1.539838786
1.539191476
1.539029648
1.537573199
1.536440406
1.534336646
1.533203853
1.533042025
1.533365680
1.530938265
1.531747404
1.536925889
1.540971580
1.543075339
1.542104373
1.540324269
1.545502754
1.542589856
1.542104373
1.539029648
1.539676959
1.538544165
1.537573199
1.538544165
1.537411371
1.535631267
1.535145784
1.534498474
1.532071059
1.531585576
1.532718370
1.531909231
1.532232887
1.533042025
1.533365680
1.536116750
1.536764061
1.538382337
1.542104373
1.538705993
1.539838786
1.538382337
1.536925889
1.536602233
1.533203853
1.533042025
1.534822129
1.532880197
1.532718370
1.538867820
1.540162442
1.534983957
1.535469440
1.537896854
1.538058682
1.538058682
1.540971580
1.541133408
1.543075339
1.540971580
1.539029648
1.539515131
1.540162442
1.537896854
1.538382337
1.538382337
1.534174818
1.534983957
1.534012991
1.533527508
1.530129127
1.533042025
1.534660301
1.532880197
1.534498474
1.537573199
1.538220510
1.539029648
1.538705993
1.539515131
1.539353303
1.540000614
1.538705993
1.537411371
1.538544165
1.534660301
1.534336646
1.535307612
1.534336646
1.532394714
1.532232887
1.536440406
1.534336646
1.533365680
1.535145784
1.535954923
1.534822129
1.535307612
1.535469440
1.533527508
1.537087716
1.535631267
1.536925889
1.535469440
1.534822129
1.535469440
1.533689335
1.532232887
1.533042025
1.532556542
1.532880197
1.532556542
1.535954923
1.535631267
1.536278578
1.536278578
1.538867820
1.539838786
1.538220510
1.534983957
1.534660301
1.533365680
1.531423748
1.532718370
1.531585576
1.530776438
1.530290955
1.533042025
1.536278578
1.534660301
1.534983957
1.531909231
1.534174818
1.533365680
1.535469440
1.535631267
1.537573199
1.540324269
1.542104373
1.541295235
1.543237167
1.542428029
1.539676959
1.536764061
1.536440406
1.536602233
1.534012991
1.535954923
1.536278578
1.533851163
1.535145784
1.534012991
1.534498474
1.535145784
1.536278578
1.538867820
1.536116750
1.532880197
1.534174818
1.535307612
1.536116750
1.536278578
1.540000614
1.538705993
1.540324269
1.537087716
1.534983957
1.533203853
1.533203853
1.528834506
1.532556542
1.531585576
1.533203853
1.535954923
1.536925889
1.536925889
1.538705993
1.535631267
1.535307612
1.535631267
1.534983957
1.536602233
1.536764061
1.534660301
1.534983957
1.532394714
1.534983957
1.536440406
1.537735027
1.535307612
1.534174818
1.533689335
1.533203853
1.532071059
1.532071059
1.531261921
1.532071059
1.532394714
1.533851163
1.532394714
1.533527508
1.535793095
1.533689335
1.530129127
1.534174818
1.531585576
1.531909231
1.532232887
1.533365680
1.533689335
1.535307612
1.533689335
1.537735027
1.539191476
1.539353303
1.538867820
1.537573199
1.536116750
1.534660301
1.537087716
1.536925889
1.538220510
1.537896854
1.537573199
1.539676959
1.540000614
1.539676959
1.541780718
1.541457063
1.541780718
1.542428029
1.544369961
1.541780718
1.539353303
1.540000614
1.533689335
1.533689335
1.537087716
1.534983957
1.534983957
1.532718370
1.531261921
1.531261921
1.531261921
1.532071059
1.533365680
1.533365680
1.537735027
1.537573199
1.534498474
1.538544165
1.538867820
1.537087716
1.539353303
1.536116750
1.535631267
1.537735027
1.535793095
1.536278578
1.531100093
1.533689335
1.532232887
1.533527508
1.533203853
1.531747404
1.533042025
1.535793095
1.534660301
1.536278578
1.533689335
1.535307612
1.539191476
1.538220510
1.537411371
1.540324269
1.536116750
1.537087716
1.534498474
1.530452782
1.530452782
1.530776438
1.529967299
1.529158161
1.530776438
1.530452782
1.531747404
1.532718370
1.534660301
1.536116750
1.537573199
1.538382337
1.537249544
1.536440406
1.540971580
1.542104373
1.542104373
1.543398995
1.541133408
1.541780718
1.540324269
1.537896854
1.536440406
1.532556542
1.532071059
1.531261921
1.529158161
1.532394714
1.535307612
1.535145784
1.535631267
1.538544165
1.538867820
1.542913512
1.544046305
1.542266201
1.542266201
1.539191476
1.536440406
1.535954923
1.533851163
1.531747404
1.530290955
1.530129127
1.530129127
1.529805472
1.528510851
1.533365680
1.529967299
1.532880197
1.532880197
1.538220510
1.538867820
1.543398995
1.544855444
1.545017271
1.542751684
1.540809752
1.538220510
1.537896854
1.535469440
1.535145784
1.532232887
1.530938265
1.531423748
1.529805472
1.530452782
1.531909231
1.534174818
1.534822129
1.534174818
1.536925889
1.532071059
1.537411371
1.535954923
1.536278578
1.537249544
1.537896854
1.537573199
1.537896854
1.537249544
1.534983957
1.535469440
1.533851163
1.533689335
1.534822129
1.529481817
1.530938265
1.529319989
1.530938265
1.531100093
1.535145784
1.535954923
1.536764061
1.538220510
1.541457063
1.540324269
1.539515131
1.539029648
1.539029648
1.537087716
1.535793095
1.541942546
1.544208133
1.544369961
1.544369961
1.537735027
1.533365680
1.534822129
1.537573199
1.535954923
1.534660301
1.534336646
1.536764061
1.536925889
1.537087716
1.539191476
1.537573199
1.538867820
1.541780718
1.540324269
1.533851163
1.533042025
1.533203853
1.531261921
1.532394714
1.532718370
1.531100093
1.533203853
1.533527508
1.534660301
1.536278578
1.541295235
1.543722650
1.542913512
1.540809752
1.543560822
1.542266201
1.538382337
1.537249544
1.535954923
1.534822129
1.533851163
1.534983957
1.534174818
1.532394714
1.530776438
1.533042025
1.532556542
1.532718370
1.535307612
1.534822129
1.537573199
1.537896854
1.536925889
1.538220510
1.536925889
1.537573199
1.537573199
1.536602233
1.533851163
1.534012991
1.536278578
1.533365680
1.533689335
1.537087716
1.543075339
1.540809752
1.538544165
1.536440406
1.535631267
1.536116750
1.536602233
1.536278578
1.537411371
1.539676959
1.547121031
1.544046305
1.542913512
1.540647925
1.539191476
1.536925889
1.537735027
1.537249544
1.534660301
1.536764061
1.534174818
1.533365680
1.534660301
1.532880197
1.535469440
1.536764061
1.536602233
1.535631267
1.534498474
1.536116750
1.537249544
1.536925889
1.535793095
1.536764061
1.537735027
1.536602233
1.537573199
1.537087716
1.536925889
1.533689335
1.530938265
1.530452782
1.531423748
1.532232887
1.530776438
1.530452782
1.532718370
1.532071059
1.537411371
1.534822129
1.538058682
1.539029648
1.540000614
1.541295235
1.538544165
1.538705993
1.537573199
1.537573199
1.535469440
1.535145784
1.533851163
1.533689335
1.533527508
1.533689335
1.534012991
1.533851163
1.532394714
1.533203853
1.539353303
1.540486097
1.536602233
1.533851163
1.537249544
1.535954923
1.536602233
1.536764061
1.537249544
1.538220510
1.541133408
1.544208133
1.540647925
1.539353303
1.536764061
1.534498474
1.534174818
1.536116750
1.535631267
1.536278578
1.536764061
1.535631267
1.536278578
1.535307612
1.534660301
1.533042025
1.533365680
1.532880197
1.532556542
1.534660301
1.534012991
1.534336646
1.539191476
1.540486097
1.537087716
1.536925889
1.534983957
1.535145784
1.533203853
1.531261921
1.532071059
1.536440406
1.532880197
1.534822129
1.536925889
1.534660301
1.531909231
1.532880197
1.532718370
1.533689335
1.535307612
1.535469440
1.535307612
1.538220510
1.536764061
1.537087716
1.536278578
1.536602233
1.536116750
1.533689335
1.534336646
1.536925889
1.534983957
1.536925889
1.533851163
1.540971580
1.542104373
1.536602233
1.535307612
1.535307612
1.537249544
1.535307612
1.536925889
1.540000614
1.541780718
1.541618891
1.539191476
1.540162442
1.537735027
1.538382337
1.537573199
1.534660301
1.536116750
1.533689335
1.533851163
1.532232887
1.531261921
1.530129127
1.531747404
1.531261921
1.536278578
1.535631267
1.536116750
1.539029648
1.540324269
1.539029648
1.540162442
1.541780718
1.543075339
1.541780718
1.542913512
1.541942546
1.542428029
1.539029648
1.537087716
1.535145784
1.531423748
1.536764061
1.538220510
1.534660301
1.532556542
1.527863540
1.527863540
1.532394714
1.534012991
1.536278578
1.535145784
1.539515131
1.543398995
1.542104373
1.542428029
1.539838786
1.540000614
1.538220510
1.536602233
1.534012991
1.530938265
1.527701712
1.527216229
1.527216229
1.528996334
1.530290955
1.532232887
1.535631267
1.537896854
1.537087716
1.536925889
1.537573199
1.539838786
1.544531788
1.548091997
1.546635548
1.548577480
1.546150065
1.537411371
1.535631267
1.535469440
1.530452782
1.530452782
1.529158161
1.528996334
1.531100093
1.530129127
1.531585576
1.534983957
1.533203853
1.535631267
1.539353303
1.540162442
1.538382337
1.538705993
1.536602233
1.543398995
1.540162442
1.544208133
1.542428029
1.541133408
1.539676959
1.538705993
1.535954923
1.534012991
1.533365680
1.530938265
1.529967299
1.530129127
1.532394714
1.532880197
1.536440406
1.537087716
1.539029648
1.540971580
1.540324269
1.539838786
1.538382337
1.540486097
1.537573199
1.536278578
1.538867820
1.535307612
1.532232887
1.533689335
1.533689335
1.535145784
1.532394714
1.534012991
1.534336646
1.530614610
1.531100093
1.531585576
1.532718370
1.535145784
1.536764061
1.536764061
1.536278578
1.539676959
1.537735027
1.537573199
1.540324269
1.541457063
1.540647925
1.539515131
1.537896854
1.535307612
1.534174818
1.532880197
1.536925889
1.537573199
1.539191476
1.537896854
1.536278578
1.537411371
1.535631267
1.536278578
1.530614610
1.534012991
1.532394714
1.532071059
1.531747404
1.532071059
1.532718370
1.532880197
1.532718370
1.535307612
1.536116750
1.537573199
1.537411371
1.540486097
1.538382337
1.540000614
1.541133408
1.543075339
1.542751684
1.539191476
1.538544165
1.537411371
1.534498474
1.531585576
1.528510851
1.527539885
1.527863540
1.531423748
1.528996334
1.530452782
1.531909231
1.537087716
1.534822129
1.535307612
1.537573199
1.536440406
1.536278578
1.537735027
1.535307612
1.535145784
1.534174818
1.539838786
1.542589856
1.542751684
1.544046305
1.546150065
1.542751684
1.543722650
1.542104373
1.542428029
1.538058682
1.534174818
1.533203853
1.532232887
1.533527508
1.534983957
1.536440406
1.535469440
1.535954923
1.540324269
1.538705993
1.537735027
1.534174818
1.532556542
1.531261921
1.531585576
1.530290955
1.532071059
1.534983957
1.533365680
1.533203853
1.535307612
1.534660301
1.537087716
1.533689335
1.539838786
1.543075339
1.543398995
1.544046305
1.542751684
1.540809752
1.536602233
1.535793095
1.532718370
1.531747404
1.533203853
1.531100093
1.533042025
1.529805472
1.530938265
1.528025368
1.531585576
1.533851163
1.534660301
1.534983957
1.537735027
1.536764061
1.535307612
1.536764061
1.537735027
1.536278578
1.539029648
1.536602233
1.534174818
1.533042025
1.536602233
1.530938265
1.532071059
1.529967299
1.531747404
1.532394714
1.536764061
1.536116750
1.538867820
1.538544165
1.540971580
1.538867820
1.540971580
1.540971580
1.538544165
1.535307612
1.536440406
1.534012991
1.532718370
1.532556542
1.532232887
1.534336646
1.532880197
1.536925889
1.535145784
1.533365680
1.536602233
1.535631267
1.533689335
1.534012991
1.534336646
1.532880197
1.533365680
1.536116750
1.534336646
1.536602233
1.536440406
1.535954923
1.538544165
1.539029648
1.536602233
1.538220510
1.537249544
1.538058682
1.535307612
1.535954923
1.537896854
1.537573199
1.535954923
1.537087716
1.535469440
1.534336646
1.533527508
1.532232887
1.533365680
1.534660301
1.532718370
1.535469440
1.534174818
1.536925889
1.535793095
1.539515131
1.537411371
1.537087716
1.534336646
1.536440406
1.534336646
1.534336646
1.531585576
1.532394714
1.532232887
1.532394714
1.535954923
1.536278578
1.535954923
1.533851163
1.532718370
1.531261921
1.531423748
1.533203853
1.534498474
1.534822129
1.535954923
1.539838786
1.539838786
1.541780718
1.540486097
1.539191476
1.538867820
1.534983957
1.535954923
1.533689335
1.535954923
1.535954923
1.537896854
1.535469440
1.537087716
1.539838786
1.539191476
1.539029648
1.540162442
1.537249544
1.536925889
1.537249544
1.539515131
1.539515131
1.542751684
1.542913512
1.546311893
1.542751684
1.541780718
1.543398995
1.541295235
1.539029648
1.538058682
1.535793095
1.532071059
1.534660301
1.529481817
1.532718370
1.533203853
1.538705993
1.541295235
1.541457063
1.541618891
1.539029648
1.536116750
1.535954923
1.534822129
1.533042025
1.534336646
1.534498474
1.535631267
1.532556542
1.533365680
1.532071059
1.532071059
1.536925889
1.540486097
1.536925889
1.534174818
1.537573199
1.540324269
1.540486097
1.540647925
1.541942546
1.542913512
1.542104373
1.540000614
1.539029648
1.536925889
1.534983957
1.535954923
1.532556542
1.535145784
1.533689335
1.532718370
1.532394714
1.529319989
1.529158161
1.530129127
1.527378057
1.529319989
1.531100093
1.532556542
1.532071059
1.535145784
1.538705993
1.536602233
1.537896854
1.539191476
1.538705993
1.542428029
1.536440406
1.537087716
1.534174818
1.534498474
1.532880197
1.531100093
1.533203853
1.535469440
1.534822129
1.534336646
1.535793095
1.535469440
1.536278578
1.537735027
1.539353303
1.546959203
1.543560822
1.540162442
1.534660301
1.539191476
1.539353303
1.535954923
1.537411371
1.537573199
1.538867820
1.534498474
1.531909231
1.532232887
1.531423748
1.531423748
1.532394714
1.533365680
1.535631267
1.539191476
1.541942546
1.540486097
1.540971580
1.542428029
1.540162442
1.539838786
1.545664582
1.540971580
1.537411371
1.536440406
1.535631267
1.534012991
1.534822129
1.534660301
1.532232887
1.531261921
1.531423748
1.530938265
1.527701712
1.529967299
1.529643644
1.530452782
1.533527508
1.535469440
1.539838786
1.544369961
1.541618891
1.543398995
1.541942546
1.542913512
1.540647925
1.538705993
1.538382337
1.537896854
1.538220510
1.540647925
1.540647925
1.544531788
1.546311893
1.547282859
1.544046305
1.540486097
1.534983957
1.525274298
1.513946362
1.506987774
1.504560359
1.502780255
1.507149602
1.511033465
1.520257641
1.529481817
1.539191476
1.547606514
1.553755965
1.562171003
1.568320455
1.564112935
1.562818314
1.556668863
1.550843067
1.543237167
1.541618891
1.532394714
1.531747404
1.528834506
1.531423748
1.528187195
1.526083436
1.521228606
1.517668398
1.511357120
1.513137224
1.516697432
1.518315709
1.523656021
1.529319989
1.536764061
1.544208133
1.551166722
1.558772622
1.560067244
1.562009176
1.560714554
1.554241448
1.547444686
1.536925889
1.528187195
1.525597953
1.525436125
1.522037745
1.519448502
1.520904951
1.525597953
1.527863540
1.532880197
1.539353303
1.542428029
1.545502754
1.545179099
1.547930169
1.544046305
1.542751684
1.540971580
1.536116750
1.535954923
1.528510851
1.526892574
1.524788815
1.524950642
1.523656021
1.523817849
1.525436125
1.528187195
1.536440406
1.536116750
1.540000614
1.541942546
1.544855444
1.546797376
1.546635548
1.543722650
1.545988237
1.542104373
1.541457063
1.542104373
1.539838786
1.534822129
1.533042025
1.531423748
1.528510851
1.528187195
1.523817849
1.525274298
1.525274298
1.527216229
1.531423748
1.532232887
1.535307612
1.538705993
1.541618891
1.543884478
1.544369961
1.541457063
1.538705993
1.538220510
1.534660301
1.533042025
1.532880197
1.531909231
1.533689335
1.531261921
1.533527508
1.533042025
1.534983957
1.538705993
1.536440406
1.540809752
1.540324269
1.544369961
1.541780718
1.537249544
1.536278578
1.537249544
1.535307612
1.533527508
1.533365680
1.526892574
1.529967299
1.528187195
1.526407091
1.526568919
1.530452782
1.534822129
1.535954923
1.539029648
1.541457063
1.542589856
1.543075339
1.543722650
1.544369961
1.541780718
1.541618891
1.540486097
1.539676959
1.541942546
1.539191476
1.534660301
1.536278578
1.538382337
1.536764061
1.533203853
1.536764061
1.537411371
1.536602233
1.539353303
1.537735027
1.537573199
1.540162442
1.540809752
1.541942546
1.537735027
1.534822129
1.535954923
1.532718370
1.533689335
1.529805472
1.528187195
1.529158161
1.530129127
1.532232887
1.531747404
1.534498474
1.536764061
1.541942546
1.542589856
1.545502754
1.545179099
1.545502754
1.544046305
1.543237167
1.540809752
1.539191476
1.536116750
1.532718370
1.531909231
1.527216229
1.525759781
1.529481817
1.523979676
1.528834506
1.528672678
1.529319989
1.535469440
1.538544165
1.540000614
1.541618891
1.540486097
1.540486097
1.543398995
1.542751684
1.538058682
1.535469440
1.535307612
1.531100093
1.532556542
1.530452782
1.534336646
1.534983957
1.535793095
1.539515131
1.540647925
1.542751684
1.543237167
1.543237167
1.545179099
1.542428029
1.541618891
1.540971580
1.536764061
1.534822129
1.531261921
1.530290955
1.528996334
1.526245264
1.527378057
1.525921608
1.528025368
1.528834506
1.529643644
1.533042025
1.536440406
1.540000614
1.541618891
1.543560822
1.551975861
1.547606514
1.544855444
1.546150065
1.547444686
1.547121031
1.543722650
1.544693616
1.540971580
1.536278578
1.536116750
1.532556542
1.530614610
1.528025368
1.528510851
1.528672678
1.527863540
1.531423748
1.532232887
1.531747404
1.534660301
1.534983957
1.538058682
1.541133408
1.539515131
1.540486097
1.536440406
1.534012991
1.533365680
1.532880197
1.536764061
1.532232887
1.530776438
1.533365680
1.532232887
1.534012991
1.532880197
1.534983957
1.533527508
1.536764061
1.538220510
1.536764061
1.537573199
1.536116750
1.536764061
1.538058682
1.538544165
1.538220510
1.536440406
1.534822129
1.534336646
1.530129127
1.527701712
1.524303332
1.523817849
1.525921608
1.527701712
1.529643644
1.532718370
1.533365680
1.536764061
1.538705993
1.543075339
1.540486097
1.541295235
1.542428029
1.542104373
1.541133408
1.537896854
1.537411371
1.539515131
1.536602233
1.537249544
1.536602233
1.536440406
1.537573199
1.533689335
1.533689335
1.536764061
1.535145784
1.535307612
1.535631267
1.536925889
1.537896854
1.540647925
1.539515131
1.537087716
1.535469440
1.536602233
1.535954923
1.536278578
1.537087716
1.537896854
1.534822129
1.536764061
1.534336646
1.535631267
1.536278578
1.536602233
1.540809752
1.546959203
1.542751684
1.540324269
1.545340927
1.540647925
1.542266201
1.538382337
1.539353303
1.539676959
1.536764061
1.536602233
1.532556542
1.535631267
1.533042025
1.532394714
1.530452782
1.527378057
1.530129127
1.528187195
1.528187195
1.530290955
1.528187195
1.532071059
1.534983957
1.537735027
1.538220510
1.541457063
1.541618891
1.538705993
1.536925889
1.538544165
1.534012991
1.532071059
1.531423748
1.532071059
1.529158161
1.528834506
1.532880197
1.534983957
1.535145784
1.537249544
1.539353303
1.538705993
1.537411371
1.537087716
1.537411371
1.535793095
1.534983957
1.535793095
1.534983957
1.532718370
1.532232887
1.528187195
1.527701712
1.526083436
1.527701712
1.525436125
1.525112470
1.529805472
1.529967299
1.536602233
1.539353303
1.540486097
1.548253824
1.546797376
1.546150065
1.545017271
1.543398995
1.543075339
1.541295235
1.538058682
1.534822129
1.534822129
1.534822129
1.537573199
1.539029648
1.533042025
1.533203853
1.535631267
1.533851163
1.536925889
1.536116750
1.534822129
1.536278578
1.536925889
1.538058682
1.536602233
1.536440406
1.537249544
1.537411371
1.537411371
1.535954923
1.532718370
1.530452782
1.532718370
1.531585576
1.532556542
1.535631267
1.537087716
1.538705993
1.539029648
1.541942546
1.537411371
1.539838786
1.540971580
1.538705993
1.539353303
1.538382337
1.540809752
1.536602233
1.536440406
1.534174818
1.535145784
1.534822129
1.534174818
1.529158161
1.529481817
1.528349023
1.527701712
1.525597953
1.526892574
1.528510851
1.531423748
1.534660301
1.537573199
1.540324269
1.542428029
1.543884478
1.540809752
1.540809752
1.542104373
1.535469440
1.534012991
1.537411371
1.534174818
1.529967299
1.532071059
1.531423748
1.533203853
1.534498474
1.536440406
1.534660301
1.532718370
1.529967299
1.532071059
1.532232887
1.529967299
1.534174818
1.538220510
1.539353303
1.539838786
1.537411371
1.533851163
1.531909231
1.533851163
1.534822129
1.530452782
1.531261921
1.533689335
1.536278578
1.540324269
1.542104373
1.546473720
1.549386618
1.546635548
1.543722650
1.539191476
1.540809752
1.537735027
1.533851163
1.533527508
1.536764061
1.538705993
1.543237167
1.541457063
1.542589856
1.539838786
1.537896854
1.536602233
1.535793095
1.534012991
1.530452782
1.530129127
1.530129127
1.533527508
1.534336646
1.536602233
1.535954923
1.535145784
1.537249544
1.540000614
1.534983957
1.536440406
1.537249544
1.535631267
1.535469440
1.535793095
1.537573199
1.540324269
1.540809752
1.540971580
1.542104373
1.537896854
1.536278578
1.531423748
1.531747404
1.530614610
1.530776438
1.531423748
1.530776438
1.534498474
1.534336646
1.532556542
1.530938265
1.532071059
1.534174818
1.532718370
1.532394714
1.533689335
1.539029648
1.536116750
1.535631267
1.536925889
1.538382337
1.541618891
1.538705993
1.538220510
1.537087716
1.538382337
1.533851163
1.534983957
1.534012991
1.532556542
1.534012991
1.532394714
1.535631267
1.533203853
1.533689335
1.534983957
1.536440406
1.534012991
1.535307612
1.535793095
1.538220510
1.538382337
1.538867820
1.536602233
1.542104373
1.539515131
1.538382337
1.539676959
1.534822129
1.533203853
1.528996334
1.531261921
1.532556542
1.532071059
1.533851163
1.536116750
1.538220510
1.540162442
1.542913512
1.543722650
1.545988237
1.545826410
1.543237167
1.539515131
1.537411371
1.535469440
1.533365680
1.531100093
1.531585576
1.532071059
1.531100093
1.534174818
1.531747404
1.533851163
1.531747404
1.531909231
1.533851163
1.535145784
1.536116750
1.539353303
1.537411371
1.538867820
1.540647925
1.542104373
1.538867820
1.540000614
1.537896854
1.536278578
1.534336646
1.527539885
1.528996334
1.526407091
1.529967299
1.531747404
1.532556542
1.534012991
1.536278578
1.538058682
1.535145784
1.536925889
1.538220510
1.534983957
1.536440406
1.535954923
1.539191476
1.538544165
1.539515131
1.538544165
1.533527508
1.532232887
1.534336646
1.534498474
1.531100093
1.530452782
1.530614610
1.532556542
1.532394714
1.534822129
1.537411371
1.538705993
1.539838786
1.539029648
1.540486097
1.539353303
1.539191476
1.537573199
1.536278578
1.536925889
1.535631267
1.537896854
1.534660301
1.534822129
1.534498474
1.533203853
1.532394714
1.532071059
1.534012991
1.531747404
1.532718370
1.532232887
1.534498474
1.534822129
1.535469440
1.536764061
1.539515131
1.538867820
1.537573199
1.538220510
1.535954923
1.533203853
1.532232887
1.530938265
1.534498474
1.531585576
1.533042025
1.533689335
1.535307612
1.536278578
1.539353303
1.539029648
1.540162442
1.540162442
1.540809752
1.538058682
1.536602233
1.535307612
1.534822129
1.535307612
1.532718370
1.535307612
1.535469440
1.536278578
1.537249544
1.535307612
1.536925889
1.536278578
1.535307612
1.537411371
1.536764061
1.536278578
1.535469440
1.538544165
1.536925889
1.541457063
1.539515131
1.538220510
1.537411371
1.538867820
1.535954923
1.534983957
1.533527508
1.534498474
1.536602233
1.535307612
1.535469440
1.536925889
1.539838786
1.538867820
1.536925889
1.533365680
1.535469440
1.534336646
1.533689335
1.531100093
1.532880197
1.533365680
1.535145784
1.535954923
1.532718370
1.532718370
1.534822129
1.534174818
1.532718370
1.530776438
1.533365680
1.533851163
1.538705993
1.536602233
1.540000614
1.543237167
1.543398995
1.541618891
1.543075339
1.538220510
1.536278578
1.534822129
1.534498474
1.533365680
1.532880197
1.533203853
1.531423748
1.532071059
1.534498474
1.534660301
1.533203853
1.533365680
1.535954923
1.534012991
1.533042025
1.534983957
1.536440406
1.539191476
1.537735027
1.538867820
1.539191476
1.540486097
1.539353303
1.540809752
1.536602233
1.533365680
1.532071059
1.531585576
1.531909231
1.531909231
1.534498474
1.534822129
1.536440406
1.536278578
1.538220510
1.539838786
1.537573199
1.540324269
1.540000614
1.538544165
1.535307612
1.534822129
1.534498474
1.535954923
1.534174818
1.534660301
1.535469440
1.539838786
1.539029648
1.535631267
1.533851163
1.534174818
1.535307612
1.534822129
1.537896854
1.537249544
1.541942546
1.540971580
1.539838786
1.540486097
1.539353303
1.540809752
1.538058682
1.537896854
1.533527508
1.534983957
1.532556542
1.533365680
1.534336646
1.531747404
1.531423748
1.532718370
1.534660301
1.535145784
1.533527508
1.533527508
1.531100093
1.531909231
1.534660301
1.534336646
1.535631267
1.536925889
1.540162442
1.540486097
1.535954923
1.536602233
1.535631267
1.536764061
1.537896854
1.535954923
1.534012991
1.535469440
1.534336646
1.532718370
1.534174818
1.532880197
1.536440406
1.534012991
1.533527508
1.535307612
1.535954923
1.534660301
1.534498474
1.534660301
1.531747404
1.534660301
1.536116750
1.535469440
1.535793095
1.534822129
1.536278578
1.538705993
1.538544165
1.537573199
1.535954923
1.536440406
1.534174818
1.535631267
1.534983957
1.534012991
1.534660301
1.539191476
1.536925889
1.541295235
1.539515131
1.538220510
1.538705993
1.538544165
1.539515131
1.534983957
1.538382337
1.539191476
1.539191476
1.541780718
1.538544165
1.538705993
1.538382337
1.536925889
1.537896854
1.532880197
1.535469440
1.533365680
1.531747404
1.530290955
1.530614610
1.532071059
1.534822129
1.538705993
1.537735027
1.537411371
1.537896854
1.537249544
1.537087716
1.537087716
1.540000614
1.540647925
1.535954923
1.535307612
1.533365680
1.534822129
1.532718370
1.534012991
1.532071059
1.532394714
1.529805472
1.533203853
1.531261921
1.532718370
1.531747404
1.533365680
1.536116750
1.537573199
1.541457063
1.539029648
1.540486097
1.538867820
1.538220510
1.536602233
1.537896854
1.534983957
1.536278578
1.534498474
1.532556542
1.532718370
1.534174818
1.531909231
1.531747404
1.532394714
1.533527508
1.533042025
1.535631267
1.537411371
1.539838786
1.539353303
1.541457063
1.542104373
1.542104373
1.542913512
1.537573199
1.540000614
1.537249544
1.531585576
1.530938265
1.531585576
1.531261921
1.531747404
1.532071059
1.534822129
1.533527508
1.536925889
1.536278578
1.540162442
1.542266201
1.540971580
1.542913512
1.543237167
1.543560822
1.542751684
1.542751684
1.538220510
1.541295235
1.541133408
1.535954923
1.535145784
1.534336646
1.534012991
1.531423748
1.530290955
1.533527508
1.531585576
1.530776438
1.531909231
1.537735027
1.537573199
1.536440406
1.536602233
1.539515131
1.538867820
1.539353303
1.539515131
1.534012991
1.533203853
1.530452782
1.531100093
1.531261921
1.530129127
1.531261921
1.533527508
1.534498474
1.536278578
1.534983957
1.535793095
1.533042025
1.535631267
1.537087716
1.534498474
1.537896854
1.540647925
1.540486097
1.541133408
1.540809752
1.542428029
1.540809752
1.542428029
1.537896854
1.534336646
1.532071059
1.530938265
1.533851163
1.532556542
1.535307612
1.533689335
1.537249544
1.538705993
1.537735027
1.536602233
1.536278578
1.535954923
1.534983957
1.537896854
1.538220510
1.536602233
1.540324269
1.537735027
1.540162442
1.539353303
1.537411371
1.538544165
1.537896854
1.534012991
1.535793095
1.535307612
1.534983957
1.535631267
1.535631267
1.540486097
1.540162442
1.538220510
1.539838786
1.533203853
1.534660301
1.532232887
1.532556542
1.534012991
1.532394714
1.532232887
1.533365680
1.536116750
1.534660301
1.536925889
1.536440406
1.537411371
1.540000614
1.537735027
1.536764061
1.535307612
1.535145784
1.535954923
1.534822129
1.534660301
1.536116750
1.535631267
1.535145784
1.536440406
1.535631267
1.534822129
1.536764061
1.536925889
1.536440406
1.536116750
1.534983957
1.538220510
1.536925889
1.538220510
1.537573199
1.535954923
1.537735027
1.537573199
1.535469440
1.533042025
1.532880197
1.531585576
1.531100093
1.531747404
1.533527508
1.535307612
1.535954923
1.537896854
1.540000614
1.536116750
1.536925889
1.535307612
1.536764061
1.538867820
1.534822129
1.534336646
1.534660301
1.534983957
1.538867820
1.535631267
1.536278578
1.534336646
1.537573199
1.535307612
1.534983957
1.529967299
1.528834506
1.527378057
1.530452782
1.531100093
1.535469440
1.538220510
1.539191476
1.540971580
1.541133408
1.538867820
1.538058682
1.536925889
1.535307612
1.534822129
1.534660301
1.533851163
1.535469440
1.534660301
1.534822129
1.540162442
1.539191476
1.536925889
1.534822129
1.534012991
1.532232887
1.532232887
1.531909231
1.531909231
1.536116750
1.538058682
1.541133408
1.541942546
1.541942546
1.538705993
1.536764061
1.534498474
1.532556542
1.534336646
1.531261921
1.529967299
1.534822129
1.535793095
1.537249544
1.536602233
1.537411371
1.538220510
1.538705993
1.537411371
1.538382337
1.535145784
1.534660301
1.533203853
1.533527508
1.532556542
1.535631267
1.536116750
1.537249544
1.538220510
1.536764061
1.536764061
1.535469440
1.534174818
1.536116750
1.533527508
1.536602233
1.535954923
1.541457063
1.537735027
1.540000614
1.539029648
1.539029648
1.537411371
1.536764061
1.533203853
1.532394714
1.531261921
1.528996334
1.531909231
1.531261921
1.535307612
1.537735027
1.538382337
1.538705993
1.535793095
1.539191476
1.537087716
1.533851163
1.534336646
1.529967299
1.529805472
1.530614610
1.531909231
1.534498474
1.534660301
1.534498474
1.534174818
1.536278578
1.538382337
1.536278578
1.535307612
1.535307612
1.536440406
1.534498474
1.534983957
1.537573199
1.537573199
1.537249544
1.537896854
1.538382337
1.534012991
1.534983957
1.530614610
1.531747404
1.531423748
1.533689335
1.534012991
1.534498474
1.535954923
1.539838786
1.539515131
1.539353303
1.544208133
1.542428029
1.540486097
1.538382337
1.537249544
1.537249544
1.538058682
1.539353303
1.538705993
1.540809752
1.540324269
1.536602233
1.535145784
1.529805472
1.530776438
1.529805472
1.528672678
1.530614610
1.530290955
1.533689335
1.533689335
1.537411371
1.539029648
1.541942546
1.544046305
1.542589856
1.540162442
1.537896854
1.534983957
1.534174818
1.534012991
1.532232887
1.530776438
1.532394714
1.531100093
1.530938265
1.530938265
1.531423748
1.529319989
1.532718370
1.532556542
1.535145784
1.537087716
1.537735027
1.537573199
1.540162442
1.538544165
1.540162442
1.537411371
1.538058682
1.539029648
1.535954923
1.532718370
1.531423748
1.530290955
1.528834506
1.531100093
1.530614610
1.535145784
1.533203853
1.535307612
1.536764061
1.537411371
1.536440406
1.538705993
1.539029648
1.540971580
1.537573199
1.536925889
1.535307612
1.534983957
1.536278578
1.534983957
1.534822129
1.533527508
1.534174818
1.534983957
1.536764061
1.535307612
1.535469440
1.535954923
1.538058682
1.537411371
1.539029648
1.539676959
1.540486097
1.541295235
1.541780718
1.538220510
1.535793095
1.537087716
1.535793095
1.536278578
1.536116750
1.536764061
1.533365680
1.534336646
1.536925889
1.534012991
1.536278578
1.535954923
1.535469440
1.536602233
1.535469440
1.533365680
1.538382337
1.537573199
1.538382337
1.538058682
1.538220510
1.539029648
1.540809752
1.538705993
1.536116750
1.534983957
1.534012991
1.536116750
1.532394714
1.534983957
1.533851163
1.536602233
1.535307612
1.535145784
1.535631267
1.535631267
1.535954923
1.538220510
1.536602233
1.536116750
1.534983957
1.535307612
1.536116750
1.533365680
1.535469440
1.535307612
1.535145784
1.535631267
1.537573199
1.535631267
1.533689335
1.536602233
1.538544165
1.538058682
1.539676959
1.536602233
1.539353303
1.537087716
1.537087716
1.535469440
1.537896854
1.539029648
1.537573199
1.536602233
1.537087716
1.538382337
1.537411371
1.538544165
1.540809752
1.538544165
1.538220510
1.537249544
1.539515131
1.537087716
1.538220510
1.535954923
1.534174818
1.538705993
1.537896854
1.537087716
1.535793095
1.534983957
1.536116750
1.535145784
1.534822129
1.537249544
1.536278578
1.534498474
1.534983957
1.537249544
1.534660301
1.535631267
1.533042025
1.532556542
1.530452782
1.532718370
1.531423748
1.536440406
1.533851163
1.535145784
1.534174818
1.534498474
1.535469440
1.536116750
1.535469440
1.534012991
1.536440406
1.533527508
1.531100093
1.534660301
1.533042025
1.534660301
1.534498474
1.533365680
1.534174818
1.536602233
1.535145784
1.534336646
1.534012991
1.536278578
1.538705993
1.540162442
1.539353303
1.538382337
1.537896854
1.536278578
1.536602233
1.539029648
1.538544165
1.537896854
1.538058682
1.536764061
1.538867820
1.537735027
1.536602233
1.538220510
1.537896854
1.537573199
1.534660301
1.535793095
1.534822129
1.533689335
1.534336646
1.533527508
1.534012991
1.535954923
1.536764061
1.537573199
1.534983957
1.533527508
1.534012991
1.535954923
1.539515131
1.537896854
1.536602233
1.535631267
1.538544165
1.540162442
1.540809752
1.536440406
1.537573199
1.538544165
1.535631267
1.532556542
1.533527508
1.534012991
1.532071059
1.531585576
1.534012991
1.535793095
1.535469440
1.536602233
1.534822129
1.535954923
1.534336646
1.534822129
1.533527508
1.535954923
1.532718370
1.535145784
1.534660301
1.533851163
1.535954923
1.536440406
1.534983957
1.537735027
1.538220510
1.538544165
1.538220510
1.540324269
1.537735027
1.539515131
1.537896854
1.536278578
1.538544165
1.537573199
1.539191476
1.537896854
1.536278578
1.540000614
1.535469440
1.535793095
1.536116750
1.536278578
1.538220510
1.536278578
1.536602233
1.536764061
1.537735027
1.542589856
1.542104373
1.540162442
1.539029648
1.540647925
1.542104373
1.540162442
1.539191476
1.541942546
1.532880197
1.534660301
1.532880197
1.534012991
1.532718370
1.532071059
1.531261921
1.530776438
1.533851163
1.535307612
1.537735027
1.535307612
1.535631267
1.538705993
1.537735027
1.536925889
1.535954923
1.537087716
1.537411371
1.537087716
1.536602233
1.531747404
1.530290955
1.530614610
1.529805472
1.530452782
1.531423748
1.533042025
1.535469440
1.536925889
1.533689335
1.535307612
1.537573199
1.535631267
1.540647925
1.542589856
1.538544165
1.542751684
1.538220510
1.540000614
1.538058682
1.535307612
1.535307612
1.534012991
1.531747404
1.530290955
1.525921608
1.528510851
1.528349023
1.531585576
1.534174818
1.537411371
1.540162442
1.541618891
1.543075339
1.542751684
1.540809752
1.538220510
1.535469440
1.536278578
1.535307612
1.534174818
1.534660301
1.530938265
1.533851163
1.532071059
1.534498474
1.534983957
1.537735027
1.539191476
1.540486097
1.543075339
1.540647925
1.540324269
1.540809752
1.544046305
1.544369961
1.543560822
1.542751684
1.542913512
1.538220510
1.538220510
1.536278578
1.531261921
1.530129127
1.528510851
1.526730746
1.527701712
1.528996334
1.531100093
1.535307612
1.534822129
1.536602233
1.540486097
1.544046305
1.542913512
1.543722650
1.541295235
1.540000614
1.540486097
1.539676959
1.535954923
1.536278578
1.534012991
1.535145784
1.532232887
1.529643644
1.530129127
1.529319989
1.531585576
1.532232887
1.533042025
1.534012991
1.534012991
1.537573199
1.539191476
1.537573199
1.543237167
1.543075339
1.543398995
1.542266201
1.540809752
1.537411371
1.535307612
1.535469440
1.530776438
1.529319989
1.532880197
1.531909231
1.536116750
1.536440406
1.533851163
1.537573199
1.540971580
1.540000614
1.540647925
1.542266201
1.540809752
1.540809752
1.544208133
1.540000614
1.541618891
1.541457063
1.537573199
1.536440406
1.533203853
1.532718370
1.530776438
1.529805472
1.530129127
1.531585576
1.534336646
1.534822129
1.538705993
1.542751684
1.541457063
1.542428029
1.539838786
1.541133408
1.538058682
1.538058682
1.535307612
1.537896854
1.535793095
1.532880197
1.537249544
1.537896854
1.541295235
1.534660301
1.532556542
1.531261921
1.529158161
1.528025368
1.527701712
1.527701712
1.528834506
1.533203853
1.534983957
1.537249544
1.536764061
1.536602233
1.537249544
1.537411371
1.538058682
1.534983957
1.533689335
1.535145784
1.535631267
1.534336646
1.537087716
1.534983957
1.534660301
1.535469440
1.536440406
1.534336646
1.533203853
1.531747404
1.533851163
1.531909231
1.535631267
1.533203853
1.536440406
1.539191476
1.540324269
1.540162442
1.540809752
1.537573199
1.539191476
1.537249544
1.535145784
1.537087716
1.534660301
1.535954923
1.536278578
1.536602233
1.538544165
1.536602233
1.538220510
1.536278578
1.539838786
1.538220510
1.536602233
1.535631267
1.535307612
1.534983957
1.535954923
1.536278578
1.535631267
1.535469440
1.535469440
1.534012991
1.536116750
1.536440406
1.537087716
1.536764061
1.535793095
1.536278578
1.537249544
1.534336646
1.535469440
1.534336646
1.535307612
1.536278578
1.537249544
1.537411371
1.535793095
1.535954923
1.536602233
1.536116750
1.536602233
1.535954923
1.534336646
1.535307612
1.537735027
1.536602233
1.535631267
1.535307612
1.534983957
1.533527508
1.538867820
1.532394714
1.531585576
1.529967299
1.530938265
1.526083436
1.528672678
1.528187195
1.531585576
1.533689335
1.536440406
1.536278578
1.537411371
1.538058682
1.537087716
1.538867820
1.535631267
1.535307612
1.537896854
1.539838786
1.540000614
1.536925889
1.537735027
1.538220510
1.538220510
1.540162442
1.536925889
1.535469440
1.536925889
1.533203853
1.537087716
1.534822129
1.537087716
1.539838786
1.539353303
1.541133408
1.539191476
1.538867820
1.534983957
1.533689335
1.534983957
1.533851163
1.533203853
1.535145784
1.537573199
1.537735027
1.535954923
1.539838786
1.534822129
1.535145784
1.538058682
1.536764061
1.533365680
1.534012991
1.535793095
1.535954923
1.532394714
1.534660301
1.536764061
1.536925889
1.537735027
1.537249544
1.536925889
1.535145784
1.534983957
1.532718370
1.532071059
1.533203853
1.533042025
1.532232887
1.532718370
1.532556542
1.533203853
1.532232887
1.534498474
1.534660301
1.535307612
1.533851163
1.533365680
1.533527508
1.534336646
1.533365680
1.530614610
1.532394714
1.533203853
1.533203853
1.535954923
1.534012991
1.536925889
1.535954923
1.538058682
1.536925889
1.538867820
1.538058682
1.539029648
1.540000614
1.535631267
1.537411371
1.535469440
1.534336646
1.534983957
1.534660301
1.532880197
1.532232887
1.533203853
1.533527508
1.530614610
1.532880197
1.535954923
1.541133408
1.542751684
1.544208133
1.542104373
1.544369961
1.543398995
1.540647925
1.538058682
1.534660301
1.535307612
1.532880197
1.533689335
1.530129127
1.531585576
1.530776438
1.532718370
1.533203853
1.533851163
1.536278578
1.534336646
1.533689335
1.536116750
1.537087716
1.537896854
1.539353303
1.539029648
1.539515131
1.536764061
1.537896854
1.533851163
1.534012991
1.530614610
1.529481817
1.528996334
1.529319989
1.532556542
1.534174818
1.534012991
1.532071059
1.535145784
1.535954923
1.539029648
1.538058682
1.538867820
1.538705993
1.540162442
1.538705993
1.536925889
1.536925889
1.538867820
1.540000614
1.539676959
1.540647925
1.536602233
1.536602233
1.535954923
1.531261921
1.531261921
1.529481817
1.529643644
1.535145784
1.535145784
1.536440406
1.536764061
1.539029648
1.540971580
1.542751684
1.538382337
1.541618891
1.537735027
1.538382337
1.536602233
1.535145784
1.534012991
1.534660301
1.535793095
1.535631267
1.532232887
1.531909231
1.530452782
1.532394714
1.534983957
1.533365680
1.534336646
1.535793095
1.540000614
1.541618891
1.539676959
1.540324269
1.540162442
1.539191476
1.539029648
1.535793095
1.534174818
1.532071059
1.531585576
1.528510851
1.528996334
1.526245264
1.529319989
1.531423748
1.535307612
1.533689335
1.537087716
1.534498474
1.538220510
1.537411371
1.535954923
1.536764061
1.538058682
1.538220510
1.538220510
1.534336646
1.534660301
1.532556542
1.536440406
1.536925889
1.534336646
1.535307612
1.532556542
1.535954923
1.536925889
1.532556542
1.534336646
1.539191476
1.540162442
1.539029648
1.538058682
1.539191476
1.539515131
1.539353303
1.535631267
1.535469440
1.535793095
1.536925889
1.537896854
1.535954923
1.536440406
1.534660301
1.533527508
1.536278578
1.535954923
1.533365680
1.531100093
1.533527508
1.536116750
1.535307612
1.534983957
1.537249544
1.538705993
1.540000614
1.543237167
1.541133408
1.538867820
1.536116750
1.534660301
1.532718370
1.530614610
1.532232887
1.531909231
1.532556542
1.533365680
1.536602233
1.537411371
1.536440406
1.536278578
1.537411371
1.536440406
1.535631267
1.533689335
1.530938265
1.531261921
1.533527508
1.534012991
1.534983957
1.535307612
1.534660301
1.533042025
1.532556542
1.528025368
1.528672678
1.529643644
1.528834506
1.533365680
1.533365680
1.538705993
1.537896854
1.540971580
1.540809752
1.538058682
1.538220510
1.536925889
1.535954923
1.534822129
1.534012991
1.536602233
1.536602233
1.537087716
1.539191476
1.539676959
1.541295235
1.543722650
1.543884478
1.538544165
1.540971580
1.539353303
1.537249544
1.538220510
1.537087716
1.537735027
1.538220510
1.539191476
1.536116750
1.535631267
1.534822129
1.535469440
1.534174818
1.533203853
1.535954923
1.538382337
1.536602233
1.540324269
1.537896854
1.539353303
1.541457063
1.541942546
1.541618891
1.534498474
1.535631267
1.535469440
1.533527508
1.533689335
1.532718370
1.534174818
1.535307612
1.536278578
1.539191476
1.536116750
1.536764061
1.536440406
1.534174818
1.533689335
1.533365680
1.531100093
1.530452782
1.532071059
1.533689335
1.533203853
1.533527508
1.534660301
1.535631267
1.535954923
1.532880197
1.533527508
1.532071059
1.534660301
1.530614610
1.532718370
1.533527508
1.535145784
1.535145784
1.536764061
1.535954923
1.536440406
1.534660301
1.537573199
1.534822129
1.531909231
1.532071059
1.532880197
1.534660301
1.531261921
1.533365680
1.533689335
1.533527508
1.534336646
1.532232887
1.530938265
1.531585576
1.530290955
1.533365680
1.534983957
1.533851163
1.535307612
1.539515131
1.541295235
1.542589856
1.539838786
1.541295235
1.540486097
1.540000614
1.539191476
1.537411371
1.535954923
1.532718370
1.536925889
1.534983957
1.533365680
1.534983957
1.535307612
1.536440406
1.538220510
1.538058682
1.539191476
1.536602233
1.536278578
1.535145784
1.534983957
1.535145784
1.535307612
1.538382337
1.535793095
1.533042025
1.531423748
1.530776438
1.533203853
1.531747404
1.533851163
1.533203853
1.534498474
1.536602233
1.538220510
1.537735027
1.535954923
1.538382337
1.537249544
1.534660301
1.535469440
1.530776438
1.530452782
1.532556542
1.530129127
1.533689335
1.532718370
1.533851163
1.539191476
1.534983957
1.540324269
1.538220510
1.535793095
1.533689335
1.535145784
1.532880197
1.535793095
1.534174818
1.534174818
1.534336646
1.533689335
1.532071059
1.533042025
1.534336646
1.535469440
1.533365680
1.533851163
1.531747404
1.532071059
1.534336646
1.534822129
1.533851163
1.536602233
1.537735027
1.536925889
1.537573199
1.536764061
1.538544165
1.535954923
1.537573199
1.536278578
1.537249544
1.538705993
1.539191476
1.538867820
1.538382337
1.539515131
1.540162442
1.540809752
1.540000614
1.539838786
1.538220510
1.539676959
1.538705993
1.538058682
1.539515131
1.539838786
1.541942546
1.543722650
1.544531788
1.541780718
1.539838786
1.538867820
1.536440406
1.536116750
1.533527508
1.530776438
1.529158161
1.529319989
1.526730746
1.527216229
1.533042025
1.532394714
1.533527508
1.535307612
1.536116750
1.535631267
1.534983957
1.534174818
1.535469440
1.534822129
1.532556542
1.532071059
1.533527508
1.532071059
1.530452782
1.525921608
1.523656021
1.528349023
1.527701712
1.529158161
1.530776438
1.534822129
1.535307612
1.539191476
1.537573199
1.540647925
1.542751684
1.546150065
1.542104373
1.542428029
1.542589856
1.538544165
1.540486097
1.536440406
1.537411371
1.538382337
1.535631267
1.532718370
1.532556542
1.531100093
1.533203853
1.532071059
1.533689335
1.537249544
1.538705993
1.539191476
1.538705993
1.537573199
1.537573199
1.534983957
1.537249544
1.537249544
1.536116750
1.534336646
1.535631267
1.533203853
1.535469440
1.535793095
1.533851163
1.533042025
1.534012991
1.534822129
1.533527508
1.536925889
1.535793095
1.536602233
1.535631267
1.536925889
1.539515131
1.539515131
1.538382337
1.537896854
1.537735027
1.534498474
1.535307612
1.532232887
1.533203853
1.533689335
1.533042025
1.532394714
1.532556542
1.529643644
1.529805472
1.529158161
1.531585576
1.531747404
1.531909231
1.534822129
1.537087716
1.539838786
1.539029648
1.539353303
1.541133408
1.540647925
1.536925889
1.536278578
1.536278578
1.534174818
1.532071059
1.533689335
1.534983957
1.536602233
1.536278578
1.540647925
1.541618891
1.541133408
1.539191476
1.540809752
1.536925889
1.538058682
1.536925889
1.537735027
1.538867820
1.538382337
1.536764061
1.536602233
1.536440406
1.538220510
1.538705993
1.537896854
1.538058682
1.536925889
1.537896854
1.536278578
1.534336646
1.535307612
1.537735027
1.534660301
1.537249544
1.536925889
1.534660301
1.536440406
1.536925889
1.533365680
1.535469440
1.533851163
1.533689335
1.534983957
1.531585576
1.529805472
1.532232887
1.531585576
1.532071059
1.534660301
1.535469440
1.534983957
1.532718370
1.531423748
1.532556542
1.527701712
1.527539885
1.529643644
1.530776438
1.532071059
1.533851163
1.534983957
1.538867820
1.541133408
1.539353303
1.539191476
1.539353303
1.542104373
1.540000614
1.539838786
1.538544165
1.536440406
1.536440406
1.536602233
1.538382337
1.535145784
1.536764061
1.535631267
1.532556542
1.531747404
1.529643644
1.528025368
1.530129127
1.530129127
1.533203853
1.531747404
1.534822129
1.536602233
1.533527508
1.532880197
1.533042025
1.533689335
1.530776438
1.534336646
1.534498474
1.534174818
1.532718370
1.535954923
1.537249544
1.537896854
1.538544165
1.538058682
1.538058682
1.536925889
1.536278578
1.533365680
1.533365680
1.535631267
1.534336646
1.537087716
1.537249544
1.535307612
1.535145784
1.533689335
1.533365680
1.533689335
1.533851163
1.536278578
1.535954923
1.532718370
1.534174818
1.535307612
1.533527508
1.535631267
1.534174818
1.533365680
1.534660301
1.535469440
1.535954923
1.536602233
1.534336646
1.532880197
1.535631267
1.536925889
1.535307612
1.535145784
1.536440406
1.536764061
1.533851163
1.529158161
1.532880197
1.533042025
1.528510851
1.530452782
1.529481817
1.529481817
1.530290955
1.530776438
1.533527508
1.536278578
1.535145784
1.532880197
1.533689335
1.534983957
1.534983957
1.532718370
1.529481817
1.532718370
1.534822129
1.536278578
1.538544165
1.536278578
1.537411371
1.542913512
1.537735027
1.539515131
1.540000614
1.537411371
1.536440406
1.533365680
1.533365680
1.534174818
1.532071059
1.533851163
1.534822129
1.534174818
1.534983957
1.535469440
1.534983957
1.535307612
1.533689335
1.532718370
1.532556542
1.533365680
1.534012991
1.536925889
1.536925889
1.539515131
1.541457063
1.540809752
1.541618891
1.537573199
1.535307612
1.537411371
1.535793095
1.529319989
1.531747404
1.529643644
1.533689335
1.535631267
1.535469440
1.538058682
1.538220510
1.538705993
1.537087716
1.535631267
1.537087716
1.537735027
1.535631267
1.537411371
1.536764061
1.538867820
1.534983957
1.538382337
1.537411371
1.534012991
1.534174818
1.532718370
1.530938265
1.529967299
1.528510851
1.527701712
1.526083436
1.530452782
1.533203853
1.533203853
1.536278578
1.534822129
1.536440406
1.535954923
1.537896854
1.536602233
1.538382337
1.537249544
1.537735027
1.535631267
1.534660301
1.533851163
1.530452782
1.529319989
1.529805472
1.531423748
1.530938265
1.532232887
1.532718370
1.534660301
1.536764061
1.536440406
1.539029648
1.543722650
1.541295235
1.540971580
1.540000614
1.539029648
1.538220510
1.534174818
1.533689335
1.528834506
1.529319989
1.530776438
1.530776438
1.528672678
1.527539885
1.529805472
1.529967299
1.529158161
1.534822129
1.534660301
1.535145784
1.539515131
1.538220510
1.539191476
1.541618891
1.542751684
1.542751684
1.539515131
1.538867820
1.536602233
1.536278578
1.535145784
1.533365680
1.533689335
1.535469440
1.533527508
1.536925889
1.535145784
1.534498474
1.535469440
1.536278578
1.539029648
1.541295235
1.538544165
1.538382337
1.542266201
1.539029648
1.534012991
1.533203853
1.530290955
1.527863540
1.532071059
1.529967299
1.527539885
1.528510851
1.530452782
1.530938265
1.531585576
1.530938265
1.533689335
1.536278578
1.543237167
1.536764061
1.539515131
1.539191476
1.542428029
1.540324269
1.541942546
1.539191476
1.539191476
1.538705993
1.536440406
1.534336646
1.529967299
1.530129127
1.528187195
1.531585576
1.529158161
1.531423748
1.531261921
1.534174818
1.536278578
1.535793095
1.538705993
1.539838786
1.537735027
1.538544165
1.539191476
1.535954923
1.535954923
1.535145784
1.536764061
1.536602233
1.536925889
1.537249544
1.538867820
1.536116750
1.536764061
1.535631267
1.534336646
1.535307612
1.537249544
1.538705993
1.536764061
1.536440406
1.536764061
1.538058682
1.535631267
1.535307612
1.537735027
1.538867820
1.539838786
1.539029648
1.536764061
1.534498474
1.536116750
1.532232887
1.531261921
1.534660301
1.534174818
1.534336646
1.534660301
1.535469440
1.535793095
1.538544165
1.536764061
1.539191476
1.538544165
1.538382337
1.536602233
1.536116750
1.538058682
1.535631267
1.534174818
1.535954923
1.536278578
1.535631267
1.534012991
1.534983957
1.531585576
1.532232887
1.531100093
1.531423748
1.534336646
1.535469440
1.536602233
1.533851163
1.532556542
1.534012991
1.534336646
1.534174818
1.532394714
1.533851163
1.534498474
1.536764061
1.537411371
1.539838786
1.539515131
1.539029648
1.541618891
1.537735027
1.536925889
1.539191476
1.533365680
1.531909231
1.531909231
1.532071059
1.533689335
1.534012991
1.533689335
1.538058682
1.534660301
1.534498474
1.532718370
1.531909231
1.531100093
1.533365680
1.530776438
1.533365680
1.532880197
1.534983957
1.537249544
1.537411371
1.537249544
1.537087716
1.536925889
1.537249544
1.531585576
1.531585576
1.530938265
1.530452782
1.533042025
1.533042025
1.534822129
1.534822129
1.536764061
1.539029648
1.538705993
1.537573199
1.535631267
1.536278578
1.537896854
1.537249544
1.535307612
1.535631267
1.533689335
1.536602233
1.533203853
1.531585576
1.534822129
1.533365680
1.532394714
1.530614610
1.532232887
1.532556542
1.533365680
1.532718370
1.535631267
1.536925889
1.536440406
1.536602233
1.540809752
1.536278578
1.538544165
1.536278578
1.540486097
1.541133408
1.536925889
1.537573199
1.537573199
1.539353303
1.534012991
1.533365680
1.533365680
1.534336646
1.535469440
1.535793095
1.536278578
1.534660301
1.531909231
1.532394714
1.533527508
1.534012991
1.538867820
1.538058682
1.537573199
1.537249544
1.536440406
1.534983957
1.531909231
1.533689335
1.534012991
1.532880197
1.535954923
1.535145784
1.536116750
1.538867820
1.538058682
1.538705993
1.538382337
1.539676959
1.538705993
1.538220510
1.534660301
1.535954923
1.537411371
1.533203853
1.533689335
1.536278578
1.537411371
1.538544165
1.537735027
1.540000614
1.537249544
1.533203853
1.533042025
1.534498474
1.534660301
1.534012991
1.535954923
1.536116750
1.537735027
1.535307612
1.534336646
1.534983957
1.532880197
1.534660301
1.533527508
1.532718370
1.529481817
1.530776438
1.530452782
1.533527508
1.535793095
1.538705993
1.538867820
1.538705993
1.536602233
1.537573199
1.533042025
1.533527508
1.535307612
1.534012991
1.535469440
1.537087716
1.536278578
1.535793095
1.534336646
1.532071059
1.534983957
1.534012991
1.532880197
1.537735027
1.536925889
1.537087716
1.538867820
1.540162442
1.540647925
1.543075339
1.541133408
1.540647925
1.541780718
1.534174818
1.534012991
1.531909231
1.534336646
1.530938265
1.530129127
1.532718370
1.530452782
1.529805472
1.528834506
1.530938265
1.532071059
1.533203853
1.533203853
1.535307612
1.534174818
1.538220510
1.538382337
1.540647925
1.542266201
1.541618891
1.539029648
1.536925889
1.535954923
1.534336646
1.532718370
1.530290955
1.531909231
1.530129127
1.531747404
1.534012991
1.535145784
1.535307612
1.536602233
1.537249544
1.534983957
1.535631267
1.533851163
1.537249544
1.538220510
1.539353303
1.534012991
1.532232887
1.533851163
1.532718370
1.531423748
1.531747404
1.529158161
1.532071059
1.530452782
1.528187195
1.531100093
1.530614610
1.533042025
1.538705993
1.537735027
1.540162442
1.544531788
1.544693616
1.544046305
1.544046305
1.542913512
1.539191476
1.539029648
1.535469440
1.534660301
1.532232887
1.531585576
1.531585576
1.530129127
1.531747404
1.531585576
1.533851163
1.535307612
1.537087716
1.535469440
1.536764061
1.536602233
1.538544165
1.544855444
1.547282859
1.545340927
1.544693616
1.547121031
1.543237167
1.540324269
1.537573199
1.537735027
1.539191476
1.536116750
1.533689335
1.534336646
1.530776438
1.534336646
1.535631267
1.534336646
1.535793095
1.539515131
1.539353303
1.537896854
1.536278578
1.534012991
1.534174818
1.535793095
1.534983957
1.532232887
1.533689335
1.531100093
1.531747404
1.532718370
1.533851163
1.532071059
1.534498474
1.534498474
1.534498474
1.535469440
1.534498474
1.534498474
1.534336646
1.536278578
1.534174818
1.535954923
1.535954923
1.536116750
1.538705993
1.534336646
1.534983957
1.532394714
1.535469440
1.534012991
1.531585576
1.529805472
1.528996334
1.529481817
1.531261921
1.527701712
1.530290955
1.535631267
1.534822129
1.535307612
1.535307612
1.534174818
1.534822129
1.534012991
1.533527508
1.533042025
1.533365680
1.534983957
1.535145784
1.536925889
1.536278578
1.537896854
1.535954923
1.539838786
1.538544165
1.540809752
1.539676959
1.538382337
1.538220510
1.537735027
1.536764061
1.537249544
1.538544165
1.540162442
1.537411371
1.534012991
1.534660301
1.534174818
1.536602233
1.533689335
1.536278578
1.538058682
1.538058682
1.538544165
1.539353303
1.537896854
1.536440406
1.533042025
1.534822129
1.533365680
1.534336646
1.533042025
1.534983957
1.534336646
1.534336646
1.533689335
1.534983957
1.535469440
1.536116750
1.535631267
1.533689335
1.533042025
1.533689335
1.532880197
1.531585576
1.530614610
1.532718370
1.532880197
1.534012991
1.533689335
1.535145784
1.533527508
1.532718370
1.534012991
1.532718370
1.531100093
1.529805472
1.529319989
1.530452782
1.528834506
1.528187195
1.530938265
1.534983957
1.537573199
1.537087716
1.535307612
1.537896854
1.536602233
1.533203853
1.537087716
1.534983957
1.534174818
1.537573199
1.537896854
1.535954923
1.535954923
1.534822129
1.535954923
1.536602233
1.536116750
1.537573199
1.537249544
1.533365680
1.536116750
1.537573199
1.533851163
1.534498474
1.534822129
1.538705993
1.538058682
1.536925889
1.538705993
1.536116750
1.535469440
1.533042025
1.534498474
1.532880197
1.535954923
1.535307612
1.536764061
1.533203853
1.537249544
1.536764061
1.536764061
1.536925889
1.535631267
1.535631267
1.535469440
1.534498474
1.536602233
1.534336646
1.535793095
1.535793095
1.537735027
1.538867820
1.535954923
1.532880197
1.531261921
1.531747404
1.528510851
1.531747404
1.531423748
1.532718370
1.536278578
1.537249544
1.536278578
1.536925889
1.535793095
1.536925889
1.535793095
1.534822129
1.532556542
1.533042025
1.532556542
1.530290955
1.531100093
1.533527508
1.535469440
1.534983957
1.534498474
1.536440406
1.534336646
1.534336646
1.534660301
1.535145784
1.535307612
1.534336646
1.535631267
1.533689335
1.534983957
1.532232887
1.532394714
1.531585576
1.531100093
1.533851163
1.530290955
1.531423748
1.533689335
1.528672678
1.531100093
1.531423748
1.534983957
1.534498474
1.534012991
1.533689335
1.536602233
1.535954923
1.537249544
1.536440406
1.535307612
1.536278578
1.535307612
1.534983957
1.534498474
1.534336646
1.530452782
1.532880197
1.532556542
1.534983957
1.531747404
1.535954923
1.536440406
1.533689335
1.536602233
1.538544165
1.533689335
1.535145784
1.535307612
1.536116750
1.537573199
1.536278578
1.534983957
1.532718370
1.535307612
1.533689335
1.531261921
1.532071059
1.534174818
1.535954923
1.535954923
1.532394714
1.534822129
1.534012991
1.536764061
1.538867820
1.538382337
1.537735027
1.537735027
1.539676959
1.538382337
1.536764061
1.534174818
1.533851163
1.534660301
1.532880197
1.530129127
1.528349023
1.529643644
1.531261921
1.533365680
1.536278578
1.535631267
1.538220510
1.536764061
1.537411371
1.536925889
1.534336646
1.533689335
1.534336646
1.535793095
1.536764061
1.534012991
1.534983957
1.535469440
1.538058682
1.532394714
1.533203853
1.534336646
1.535793095
1.532394714
1.535145784
1.534822129
1.534983957
1.535145784
1.539029648
1.542751684
1.544369961
1.541618891
1.542751684
1.543398995
1.541133408
1.541942546
1.537735027
1.536116750
1.534498474
1.532880197
1.533365680
1.533689335
1.531909231
1.531747404
1.530452782
1.531747404
1.531909231
1.533851163
1.534174818
1.536925889
1.538705993
1.537087716
1.539838786
1.541457063
1.544046305
1.542751684
1.541780718
1.538705993
1.536925889
1.534660301
1.531585576
1.530614610
1.531585576
1.533689335
1.534660301
1.532394714
1.533851163
1.536764061
1.535793095
1.534983957
1.533365680
1.536278578
1.536116750
1.538382337
1.535954923
1.540162442
1.538544165
1.537573199
1.536116750
1.537249544
1.536116750
1.535469440
1.534336646
1.534983957
1.533689335
1.528672678
1.530938265
1.533365680
1.535793095
1.537735027
1.539515131
1.541780718
1.540000614
1.541133408
1.539515131
1.538705993
1.536764061
1.537249544
1.534983957
1.532718370
1.534174818
1.533203853
1.532232887
1.534336646
1.536440406
1.536440406
1.536440406
1.535469440
1.534498474
1.532232887
1.533203853
1.532718370
1.532071059
1.534498474
1.536440406
1.537087716
1.536440406
1.538544165
1.538382337
1.534498474
1.534336646
1.535469440
1.536116750
1.536764061
1.537896854
1.533851163
1.536440406
1.538382337
1.535307612
1.536116750
1.538058682
1.536925889
1.535954923
1.534336646
1.533527508
1.533527508
1.530776438
1.534174818
1.534660301
1.534336646
1.534498474
1.534822129
1.535469440
1.538705993
1.535631267
1.534498474
1.535954923
1.535307612
1.534012991
1.530938265
1.533365680
1.533203853
1.531585576
1.534174818
1.535307612
1.536116750
1.535631267
1.536116750
1.534336646
1.533689335
1.533042025
1.531909231
1.537896854
1.535954923
1.537573199
1.535954923
1.536602233
1.537573199
1.537411371
1.535954923
1.533851163
1.533527508
1.535307612
1.538544165
1.535307612
1.533527508
1.529967299
1.533527508
1.537573199
1.535793095
1.535954923
1.539191476
1.540486097
1.538867820
1.539515131
1.536925889
1.537735027
1.538220510
1.540000614
1.538382337
1.540000614
1.538220510
1.538220510
1.536602233
1.536116750
1.537249544
1.536116750
1.534174818
1.533851163
1.534174818
1.535307612
1.534498474
1.536278578
1.534983957
1.538220510
1.537411371
1.538867820
1.540000614
1.537735027
1.535954923
1.535469440
1.532880197
1.534660301
1.535307612
1.534983957
1.531261921
1.533042025
1.534822129
1.532394714
1.533689335
1.534174818
1.533203853
1.532232887
1.532718370
1.533851163
1.533042025
1.534822129
1.538867820
1.538058682
1.540162442
1.538382337
1.540486097
1.538867820
1.536925889
1.534983957
1.533689335
1.532880197
1.533365680
1.534660301
1.533365680
1.533203853
1.533203853
1.532232887
1.534012991
1.533851163
1.533042025
1.532880197
1.534983957
1.533203853
1.534336646
1.534660301
1.532556542
1.533042025
1.533689335
1.536925889
1.536602233
1.535631267
1.538058682
1.536925889
1.533527508
1.535631267
1.534174818
1.536925889
1.536764061
1.536440406
1.539029648
1.539353303
1.538867820
1.536602233
1.535631267
1.537249544
1.535954923
1.536602233
1.540324269
1.538220510
1.536764061
1.539353303
1.536925889
1.537896854
1.535793095
1.535954923
1.532880197
1.534174818
1.529481817
1.532071059
1.530776438
1.532880197
1.534498474
1.535631267
1.538867820
1.539838786
1.536278578
1.536925889
1.533689335
1.532556542
1.531585576
1.531261921
1.533851163
1.534983957
1.535307612
1.537411371
1.536278578
1.536440406
1.537087716
1.539029648
1.536440406
1.535307612
1.534660301
1.533689335
1.533042025
1.531747404
1.531100093
1.532718370
1.534983957
1.533689335
1.534174818
1.531909231
1.534336646
1.534174818
1.529481817
1.531261921
1.534822129
1.536925889
1.536602233
1.538867820
1.539353303
1.540647925
1.540324269
1.539515131
1.537735027
1.535307612
1.536440406
1.535307612
1.534336646
1.534012991
1.534660301
1.532556542
1.533527508
1.536440406
1.536440406
1.536764061
1.538867820
1.534983957
1.537573199
1.535631267
1.536764061
1.538867820
1.540162442
1.539838786
1.542751684
1.538544165
1.539191476
1.535631267
1.536925889
1.536602233
1.536764061
1.536764061
1.533527508
1.532556542
1.531747404
1.530129127
1.533365680
1.535631267
1.538220510
1.541780718
1.541133408
1.539029648
1.540486097
1.539515131
1.536764061
1.535954923
1.536116750
1.535307612
1.538220510
1.535631267
1.535307612
1.535145784
1.534012991
1.530776438
1.531423748
1.531585576
1.529481817
1.530290955
1.529158161
1.532556542
1.533689335
1.535469440
1.540647925
1.539676959
1.539676959
1.539515131
1.538544165
1.538058682
1.536602233
1.531909231
1.530776438
1.532880197
1.531909231
1.532071059
1.533365680
1.531909231
1.530290955
1.531909231
1.529805472
1.531747404
1.533527508
1.533203853
1.537087716
1.539515131
1.537735027
1.540486097
1.542589856
1.541133408
1.542913512
1.539353303
1.536925889
1.535793095
1.533203853
1.529643644
1.530129127
1.530938265
1.532394714
1.534983957
1.534498474
1.535307612
1.536440406
1.540000614
1.537087716
1.535631267
1.536278578
1.535631267
1.534012991
1.535469440
1.535469440
1.535145784
1.535631267
1.537411371
1.535954923
