1.250976541
1.254536746
1.254536746
1.254213091
1.257773297
1.257287814
1.256640504
1.255022229
1.254213091
1.253242126
1.252432988
1.252271161
1.254051264
1.251947506
1.254213091
1.253080298
1.250167403
1.252756643
1.254536746
1.255022229
1.256478676
1.257935124
1.259391572
1.261980812
1.261657157
1.262142640
1.266350156
1.267644776
1.268130259
1.266997466
1.268615741
1.266511983
1.268939396
1.265541018
1.268939396
1.270557672
1.270719499
1.270881327
1.273470567
1.273794222
1.273308740
1.273308740
1.273308740
1.274441532
1.276868945
1.278163566
1.280267324
1.286578598
1.286578598
1.288682356
1.289653321
1.292728044
1.296126423
1.294993630
1.296450078
1.298068353
1.300010284
1.301952214
1.299686629
1.301466732
1.305674248
1.311500040
1.311661867
1.317487659
1.317811314
1.318944107
1.318782279
1.324769899
1.325093554
1.329301071
1.334641380
1.342732758
1.344189206
1.347102103
1.352442412
1.355031653
1.356649929
1.360048308
1.362475722
1.367168721
1.371052583
1.381733203
1.387073514
1.394193927
1.396783169
1.402608962
1.407301962
1.413613238
1.415231514
1.418468066
1.414260549
1.413775066
1.409082066
1.404874548
1.405198204
1.403418100
1.405360031
1.408111100
1.410053031
1.412318618
1.414422376
1.420248170
1.421704618
1.423161067
1.429148688
1.438372862
1.445169621
1.453261002
1.460705072
1.472680316
1.485302871
1.488377596
1.477373317
1.467340004
1.455041105
1.447920690
1.445007793
1.450995415
1.458439485
1.464912590
1.474136765
1.484008250
1.486921147
1.474460420
1.466045384
1.452451864
1.446949725
1.447597035
1.459086796
1.479315249
1.493879735
1.508929706
1.524950642
1.526083436
1.522685055
1.517506571
1.511033465
1.507635084
1.501161979
1.498087254
1.501161979
1.509900671
1.523494194
1.536925889
1.541133408
1.539515131
1.529158161
1.519610330
1.510386154
1.506016808
1.505207670
1.513784535
1.521066779
1.533689335
1.550843067
1.565569384
1.574955389
1.579648392
1.576573666
1.572527974
1.569291421
1.563951108
1.558125312
1.553108654
1.556345208
1.559096278
1.563465625
1.569938731
1.571880664
1.570424215
1.568644110
1.564922074
1.562171003
1.559905416
1.560067244
1.562818314
1.568320455
1.575602700
1.580619358
1.587901603
1.591299985
1.595831160
1.594374710
1.588710742
1.584826877
1.579972047
1.577059149
1.574631734
1.570909698
1.570100559
1.569938731
1.570100559
1.571557008
1.565569384
1.563465625
1.563627452
1.564760246
1.566378523
1.570586042
1.576411838
1.581428496
1.588387086
1.592756434
1.595345677
1.597934920
1.599715024
1.598096747
1.596640298
1.592756434
1.585636016
1.582399462
1.573822596
1.571071525
1.568967765
1.566216695
1.566216695
1.564274763
1.565731212
1.565893040
1.562818314
1.564760246
1.566378523
1.567187661
1.568967765
1.569938731
1.572204319
1.574955389
1.579486564
1.582884945
1.585636016
1.586606982
1.587416120
1.586930637
1.584341394
1.575602700
1.567834972
1.553755965
1.537735027
1.523979676
1.516050122
1.513137224
1.523332366
1.545340927
1.578030115
1.608291891
1.642761191
1.670919213
1.689529401
1.694384233
1.690500367
1.675126733
1.656840201
1.638715498
1.616868759
1.599229541
1.584826877
1.575440872
1.565083901
1.560067244
1.557801656
1.554888759
1.555859725
1.553917793
1.555697897
1.561847348
1.569938731
1.575764528
1.586606982
1.592756434
1.596640298
1.599553196
1.600524162
1.590652674
1.578353770
1.567349489
1.558934450
1.552299516
1.550519412
1.553270482
1.561200037
1.574146251
1.591138157
1.611528445
1.626578421
1.643570329
1.659591273
1.668491797
1.679981565
1.683541775
1.685483708
1.684027258
1.680790704
1.677230494
1.672861145
1.662827827
1.654250958
1.644379468
1.631756907
1.615735965
1.603113405
1.589681708
1.582075807
1.579001081
1.576088183
1.576088183
1.577868287
1.576088183
1.579648392
1.577059149
1.577382804
1.572851630
1.568805938
1.557316174
1.548253824
1.543398995
1.538220510
1.540000614
1.549224790
1.556668863
1.568158627
1.579324736
1.587577948
1.597287609
1.602304267
1.607806408
1.608777374
1.612337584
1.617516070
1.619619830
1.623341867
1.627873042
1.631271424
1.631109596
1.622209073
1.616059621
1.605378993
1.592918261
1.581104841
1.567834972
1.559581761
1.552784999
1.549386618
1.545826410
1.536602233
1.546797376
1.560067244
1.548415652
1.534012991
1.509900671
1.494688873
1.489348562
1.483037284
1.477696972
1.471871178
1.470091074
1.481257180
1.487406630
1.488215768
1.485626526
1.478991593
1.475916868
1.471547523
1.466369039
1.457306692
1.452128208
1.454717450
1.457954003
1.470091074
1.477373317
1.479800732
1.478991593
1.481095353
1.482551801
1.475916868
1.467501832
1.458924968
1.452613691
1.446787897
1.445655104
1.443227690
1.441123931
1.440638448
1.441609414
1.438858344
1.439667482
1.435298137
1.433518033
1.432223412
1.426883102
1.422837412
1.417658928
1.415069687
1.410700342
1.408596583
1.407787445
1.410376686
1.412965928
1.415555170
1.417173446
1.420086342
1.419115377
1.419600860
1.417658928
1.417173446
1.416849790
1.419600860
1.421866446
1.423322894
1.424455688
1.425912136
1.430281481
1.441447586
1.445007793
1.446302414
1.447435208
1.448568001
1.445978759
1.450186277
1.456173899
1.462808831
1.474460420
1.478506110
1.487406630
1.489834045
1.492908770
1.491614148
1.494365218
1.501647462
1.504398532
1.506502291
1.513784535
1.523170538
1.525921608
1.525921608
1.526568919
1.524141504
1.522199572
1.521390434
1.522361400
1.520257641
1.523332366
1.527378057
1.529643644
1.533689335
1.534336646
1.537896854
1.535145784
1.535145784
1.532718370
1.531100093
1.521390434
1.518477536
1.507796912
1.502618428
1.497116288
1.500191013
1.501161979
1.504398532
1.502618428
1.488539423
1.470091074
1.461352383
1.454231967
1.451804553
1.458115830
1.462970659
1.469281936
1.473003971
1.470091074
1.457468520
1.443713173
1.438211034
1.435621792
1.440638448
1.448406173
1.452775519
1.456821209
1.457954003
1.463941624
1.477373317
1.490643183
1.504398532
1.519772158
1.526568919
1.528672678
1.528996334
1.527701712
1.529158161
1.533365680
1.537249544
1.544693616
1.547444686
1.548091997
1.544369961
1.543075339
1.535954923
1.538867820
1.545340927
1.553594137
1.558934450
1.552461344
1.536602233
1.516211949
1.502132945
1.495012529
1.493879735
1.494203391
1.496792633
1.501161979
1.505854980
1.509415188
1.506825946
1.496468977
1.481742663
1.476726007
1.471062040
1.469281936
1.468149143
1.476402351
1.484493733
1.501485634
1.517182915
1.527539885
1.533527508
1.538544165
1.538058682
1.535307612
1.531909231
1.528996334
1.524788815
1.529319989
1.536440406
1.542751684
1.548253824
1.552137688
1.554888759
1.558125312
1.557963484
1.558125312
1.553594137
1.554565103
1.553594137
1.557963484
1.559258105
1.560390899
1.563789280
1.566216695
1.565407557
1.562656486
1.552461344
1.544855444
1.537896854
1.532394714
1.527863540
1.526568919
1.529158161
1.532232887
1.536602233
1.543398995
1.547768341
1.553432310
1.557639829
1.557478001
1.557154346
1.557154346
1.556992518
1.558448967
1.563141969
1.570909698
1.574146251
1.583208601
1.589034397
1.593565572
1.591623640
1.594374710
1.592270951
1.593403744
1.590652674
1.590490846
1.595022021
1.601009645
1.602142439
1.610719307
1.613146722
1.616706931
1.622047245
1.620428968
1.620590796
1.615574137
1.609748341
1.605702648
1.601333301
1.598905886
1.596316643
1.595507504
1.597125781
1.598096747
1.598905886
1.597773092
1.599553196
1.599067713
1.601009645
1.600362335
1.599715024
1.603598888
1.606188131
1.606835442
1.611042962
1.615897793
1.617192414
1.617839725
1.620267141
1.620752624
1.618325208
1.617677897
1.618325208
1.618810691
1.619296174
1.622370901
1.624798316
1.628520353
1.630462285
1.629653147
1.629167664
1.626902076
1.624151005
1.624312833
1.622694556
1.623503694
1.619296174
1.616706931
1.617839725
1.615897793
1.611366617
1.609748341
1.605702648
1.603275233
1.598258575
1.592109123
1.588225259
1.586606982
1.584988705
1.582723118
1.582561290
1.586445154
1.583370428
1.585150533
1.584017739
1.582723118
1.579162909
1.578353770
1.579972047
1.598420403
1.652470853
1.649881610
1.652470853
1.648748816
1.582075807
1.567834972
1.520581296
1.508444223
1.513622707
1.499867358
1.529481817
1.532718370
1.573337113
1.580295703
1.596478470
1.590005363
1.570100559
1.561038210
1.529158161
1.553108654
1.559258105
1.579324736
1.574631734
1.563465625
1.568158627
1.533527508
1.515079156
1.505693153
1.500352841
1.483846422
1.481257180
1.498087254
1.503913049
1.518477536
1.522037745
1.518801192
1.512004431
1.530129127
1.548415652
1.548901135
1.549872101
1.531909231
1.516050122
1.499220047
1.493070597
1.496145322
1.481419008
1.493232425
1.489024906
1.497925426
1.504722187
1.510386154
1.518153881
1.521228606
1.530776438
1.523494194
1.522685055
1.507311429
1.503913049
1.497439943
1.499705530
1.515402811
1.517992054
1.528025368
1.523332366
1.517830226
1.511033465
1.503265738
1.498896392
1.489510389
1.478829766
1.472356661
1.468634625
1.470900212
1.485950181
1.503427566
1.512328086
1.513622707
1.506178636
1.493232425
1.475107730
1.454879278
1.446140587
1.447435208
1.462161521
1.480771697
1.501161979
1.520257641
1.530614610
1.525436125
1.512489914
1.493879735
1.473974937
1.456659382
1.448406173
1.442418552
1.452451864
1.463132486
1.482713629
1.493879735
1.495821667
1.496792633
1.485302871
1.473813109
1.456821209
1.448891656
1.443713173
1.445655104
1.453422829
1.464265280
1.475269558
1.485626526
1.488377596
1.483199112
1.475431386
1.467987315
1.457792175
1.453584657
1.455202933
1.466369039
1.477049662
1.492099631
1.508767878
1.517021088
1.526407091
1.524626987
1.521875917
1.517021088
1.508929706
1.504398532
1.499381875
1.498734564
1.498572737
1.500352841
1.499220047
1.498249081
1.491614148
1.484008250
1.473651282
1.463294314
1.458924968
1.452290036
1.450671760
1.449700794
1.450186277
1.449700794
1.450509932
1.447597035
1.451642726
1.450671760
1.449700794
1.454231967
1.458277658
1.466530866
1.479638904
1.491614148
1.501323807
1.512166258
1.523008711
1.531747404
1.537735027
1.541942546
1.547282859
1.547444686
1.545826410
1.537896854
1.528510851
1.516050122
1.503589393
1.489672217
1.475107730
1.463941624
1.452451864
1.440152965
1.435945447
1.429957826
1.425750308
1.426397619
1.429795998
1.428825033
1.432870723
1.439505655
1.444522311
1.453746485
1.464427107
1.476402351
1.481742663
1.486759320
1.491452321
1.489834045
1.485788354
1.479315249
1.472356661
1.466207211
1.459086796
1.454393795
1.452775519
1.453261002
1.462647003
1.475107730
1.496630805
1.522361400
1.549548446
1.578191943
1.602142439
1.626254765
1.634669806
1.638877326
1.634022495
1.618487036
1.598258575
1.574146251
1.566702178
1.548577480
1.519124847
1.482551801
1.452128208
1.427530412
1.415555170
1.406330997
1.407787445
1.422513756
1.443389517
1.473974937
1.502132945
1.531100093
1.555859725
1.579324736
1.602951578
1.619781657
1.625445627
1.630624113
1.627873042
1.619458002
1.608939202
1.589681708
1.570586042
1.553755965
1.539029648
1.520257641
1.507149602
1.496630805
1.493394252
1.495174356
1.498087254
1.507635084
1.513299052
1.521066779
1.533042025
1.545017271
1.557478001
1.567349489
1.576411838
1.583370428
1.588225259
1.587901603
1.582399462
1.574308079
1.568644110
1.557316174
1.546635548
1.535954923
1.524303332
1.522846883
1.530290955
1.533689335
1.527539885
1.516211949
1.502294772
1.488701251
1.473489454
1.470576557
1.483846422
1.527378057
1.592918261
1.667197175
1.739534173
1.795688408
1.832746973
1.844884058
1.826921172
1.782742186
1.727720747
1.657163857
1.590814502
1.530614610
1.489348562
1.465074418
1.460705072
1.469605591
1.492746942
1.521390434
1.545340927
1.567349489
1.580943013
1.587416120
1.585312360
1.578353770
1.579810219
1.568482282
1.568158627
1.567511316
1.568320455
1.570100559
1.567673144
1.555859725
1.543722650
1.523656021
1.506987774
1.489510389
1.483846422
1.490319527
1.510709810
1.543722650
1.586930637
1.634022495
1.682408981
1.721085810
1.752318566
1.769957792
1.769148653
1.761866404
1.743094383
1.725940642
1.704255725
1.683056292
1.664931587
1.649881610
1.634184323
1.614441344
1.592270951
1.573013457
1.545826410
1.529158161
1.514431845
1.507311429
1.508767878
1.518639364
1.531909231
1.544693616
1.553270482
1.555212414
1.548253824
1.534012991
1.515726467
1.490319527
1.466207211
1.444360483
1.440476620
1.440800276
1.453746485
1.480448042
1.511680775
1.542104373
1.572366147
1.593241917
1.612499411
1.622532728
1.630138630
1.630785941
1.631433252
1.634669806
1.640333775
1.646321400
1.652956336
1.658134823
1.660885894
1.659267617
1.654736441
1.639039154
1.620590796
1.600200507
1.580133875
1.565245729
1.555697897
1.548091997
1.545340927
1.546311893
1.545826410
1.542589856
1.535145784
1.523332366
1.508120567
1.492908770
1.475755041
1.459895934
1.446626070
1.438696517
1.437725551
1.438534689
1.448244346
1.462161521
1.473489454
1.486112009
1.500191013
1.507796912
1.513137224
1.522685055
1.533365680
1.544531788
1.555212414
1.566864006
1.578677426
1.583855911
1.589358052
1.589681708
1.590814502
1.587739776
1.584826877
1.580781186
1.576411838
1.576250011
1.577868287
1.580133875
1.585959671
1.589358052
1.588225259
1.586283327
1.578030115
1.563141969
1.545502754
1.527863540
1.512813569
1.499220047
1.486112009
1.475755041
1.471223867
1.466854522
1.464103452
1.464427107
1.458439485
1.459086796
1.454879278
1.450833588
1.446302414
1.446302414
1.447111552
1.450348105
1.458601313
1.469605591
1.482228146
1.491452321
1.504560359
1.512813569
1.515402811
1.521066779
1.520743124
1.520095813
1.524950642
1.524465159
1.527378057
1.531747404
1.540000614
1.545340927
1.555536069
1.558610795
1.558772622
1.556668863
1.553917793
1.545179099
1.536440406
1.527216229
1.517021088
1.507473257
1.502780255
1.496145322
1.489348562
1.483360939
1.476887834
1.467825487
1.457630347
1.448406173
1.435783620
1.422028274
1.420409998
1.425102998
1.428177722
1.424617515
1.425264826
1.437401896
1.454555623
1.459086796
1.456173899
1.449215311
1.455041105
1.465398073
1.465236245
1.459734106
1.456173899
1.466854522
1.478506110
1.495174356
1.503427566
1.510547982
1.515240984
1.524465159
1.527054402
1.526083436
1.518639364
1.508767878
1.501000151
1.500838324
1.500838324
1.497116288
1.493556080
1.487730285
1.490319527
1.490643183
1.487244802
1.482228146
1.473651282
1.469443764
1.466692694
1.462970659
1.458439485
1.451157243
1.447435208
1.448082518
1.448568001
1.443065862
1.436269103
1.431414274
1.428177722
1.429472343
1.430605136
1.434650827
1.433841689
1.443551345
1.456012071
1.467501832
1.474784075
1.481580835
1.492585114
1.501647462
1.508120567
1.512813569
1.512004431
1.511842603
1.513299052
1.513784535
1.515402811
1.514917328
1.514270018
1.517344743
1.518315709
1.518639364
1.514593673
1.512489914
1.514593673
1.514270018
1.512813569
1.516050122
1.514270018
1.514917328
1.516859260
1.518477536
1.517668398
1.513137224
1.506825946
1.501485634
1.491775976
1.484008250
1.472194833
1.463617969
1.460543244
1.460866900
1.465236245
1.472842144
1.480609870
1.489024906
1.498572737
1.504722187
1.514755501
1.522523228
1.530938265
1.536116750
1.544855444
1.551166722
1.563303797
1.563789280
1.566216695
1.569129593
1.572851630
1.573337113
1.571718836
1.570586042
1.570262387
1.572527974
1.569453248
1.568967765
1.566540350
1.564760246
1.565083901
1.566054867
1.569615076
1.570424215
1.570909698
1.574308079
1.573984423
1.570586042
1.563465625
1.556021552
1.546311893
1.534174818
1.523979676
1.517506571
1.516050122
1.513946362
1.520743124
1.525436125
1.533689335
1.544693616
1.552784999
1.561038210
1.569938731
1.577706460
1.586445154
1.594374710
1.597125781
1.595992987
1.594536538
1.592270951
1.590005363
1.591947295
1.589358052
1.590490846
1.594698366
1.601656956
1.604408027
1.606026304
1.600847818
1.602951578
1.600685990
1.598744058
1.596478470
1.591623640
1.586283327
1.583855911
1.582237635
1.578030115
1.572204319
1.572366147
1.570424215
1.568967765
1.566054867
1.561685520
1.556668863
1.552137688
1.553594137
1.550519412
1.550681239
1.552461344
1.553917793
1.555697897
1.559905416
1.563951108
1.567673144
1.575440872
1.580943013
1.587739776
1.590005363
1.591138157
1.591785468
1.592432778
1.591785468
1.591947295
1.593565572
1.593565572
1.595345677
1.596640298
1.595345677
1.597125781
1.593403744
1.594536538
1.590652674
1.588872569
1.583855911
1.582075807
1.580619358
1.578677426
1.573175285
1.573498940
1.571880664
1.569938731
1.566702178
1.563141969
1.561523693
1.556830691
1.552623171
1.551490378
1.550843067
1.550033929
1.551975861
1.550681239
1.554726931
1.555859725
1.556183380
1.557963484
1.561847348
1.560067244
1.562009176
1.564274763
1.566054867
1.568967765
1.574631734
1.576411838
1.578353770
1.580619358
1.583855911
1.582884945
1.580943013
1.578839253
1.577059149
1.573660768
1.576250011
1.576897321
1.575440872
1.572689802
1.575764528
1.575279045
1.568320455
1.565407557
1.560390899
1.559581761
1.558448967
1.556021552
1.558125312
1.557801656
1.558287139
1.558125312
1.554888759
1.553594137
1.553108654
1.546959203
1.543884478
1.543884478
1.537087716
1.536925889
1.542104373
1.543560822
1.547606514
1.549224790
1.551490378
1.555374242
1.557478001
1.555536069
1.555536069
1.552461344
1.553594137
1.558287139
1.557316174
1.560390899
1.562818314
1.563951108
1.567834972
1.567834972
1.565083901
1.560714554
1.557154346
1.551166722
1.540486097
1.535145784
1.529967299
1.529481817
1.527054402
1.530938265
1.531423748
1.530129127
1.528510851
1.528510851
1.521390434
1.517830226
1.510224327
1.503751221
1.505207670
1.501809289
1.501485634
1.504074876
1.508767878
1.510709810
1.510871637
1.508767878
1.507473257
1.508606050
1.504560359
1.499381875
1.496145322
1.492908770
1.492908770
1.491128666
1.491290493
1.491290493
1.484493733
1.483199112
1.484008250
1.479962559
1.474784075
1.471385695
1.471385695
1.474298592
1.470738385
1.474136765
1.470738385
1.471547523
1.472033006
1.474622247
1.475107730
1.476564179
1.480448042
1.480609870
1.482713629
1.488053941
1.493717908
1.499058220
1.506502291
1.508929706
1.513460880
1.513460880
1.512328086
1.509253361
1.505207670
1.503913049
1.498572737
1.498087254
1.500352841
1.497925426
1.497278116
1.497601771
1.500676496
1.501809289
1.494688873
1.492261459
1.490481355
1.489024906
1.488863079
1.488539423
1.487406630
1.489024906
1.486435664
1.488215768
1.484170077
1.483037284
1.480124387
1.480933525
1.481742663
1.484655560
1.481904491
1.480609870
1.479638904
1.479800732
1.476240524
1.474784075
1.478506110
1.478020628
1.481419008
1.482389974
1.482389974
1.486435664
1.491290493
1.489672217
1.487892113
1.488539423
1.489024906
1.486435664
1.486112009
1.484331905
1.482875456
1.480933525
1.478667938
1.476726007
1.470900212
1.472194833
1.470900212
1.474136765
1.475269558
1.484331905
1.480286214
1.482389974
1.486597492
1.485788354
1.483522767
1.483360939
1.485302871
1.487730285
1.488863079
1.490319527
1.493879735
1.495983495
1.500029185
1.502780255
1.501323807
1.503103911
1.507311429
1.505045842
1.506502291
1.506178636
1.503265738
1.506664119
1.510386154
1.510062499
1.512328086
1.510709810
1.509577016
1.511842603
1.511680775
1.513622707
1.517182915
1.514108190
1.524626987
1.545502754
1.553108654
1.549872101
1.540647925
1.524141504
1.511195293
1.497439943
1.493232425
1.500676496
1.516050122
1.529805472
1.537411371
1.539515131
1.536278578
1.533689335
1.527863540
1.521228606
1.513460880
1.510386154
1.508444223
1.513137224
1.514917328
1.521228606
1.526730746
1.537087716
1.542266201
1.544531788
1.537896854
1.528834506
1.520095813
1.514270018
1.511680775
1.515564639
1.521228606
1.532232887
1.539191476
1.549386618
1.559581761
1.556507035
1.537735027
1.513137224
1.481904491
1.454231967
1.430443309
1.418306239
1.437563723
1.488053941
1.556992518
1.631109596
1.696487993
1.737268584
1.752642221
1.746816422
1.718334738
1.674964906
1.627711215
1.586768810
1.558772622
1.543560822
1.532880197
1.527054402
1.523656021
1.520743124
1.518153881
1.516050122
1.509900671
1.500352841
1.492746942
1.491614148
1.497763599
1.504074876
1.515726467
1.529967299
1.540971580
1.554241448
1.556992518
1.560714554
1.557154346
1.550681239
1.540971580
1.527054402
1.512328086
1.495174356
1.482551801
1.473813109
1.480609870
1.496468977
1.521552262
1.553432310
1.593080089
1.630138630
1.664284276
1.692118645
1.713479906
1.722542259
1.723351398
1.716069149
1.711376145
1.694222405
1.675935872
1.653927303
1.626578421
1.600524162
1.573822596
1.544369961
1.523979676
1.508444223
1.498249081
1.498572737
1.504560359
1.516211949
1.528834506
1.543884478
1.554079620
1.562494659
1.558125312
1.547930169
1.532071059
1.516859260
1.501647462
1.486112009
1.477535145
1.480124387
1.488701251
1.502942083
1.519610330
1.537411371
1.552461344
1.568320455
1.585150533
1.599391369
1.610881134
1.622532728
1.637582704
1.650043438
1.664607932
1.672699318
1.679981565
1.683218120
1.682894464
1.674964906
1.656516546
1.641142914
1.623341867
1.604569855
1.589196225
1.576735494
1.572527974
1.570747870
1.570262387
1.571880664
1.571880664
1.568482282
1.561200037
1.554079620
1.544369961
1.531585576
1.513622707
1.503427566
1.495336184
1.486759320
1.482389974
1.484331905
1.487892113
1.496468977
1.506178636
1.518315709
1.528672678
1.539353303
1.550843067
1.562656486
1.572689802
1.583370428
1.590814502
1.599391369
1.606188131
1.610881134
1.612337584
1.619134347
1.619781657
1.620428968
1.617677897
1.614441344
1.613470377
1.609424685
1.610719307
1.609586513
1.605540821
1.603275233
1.599391369
1.596640298
1.582884945
1.574146251
1.560390899
1.546150065
1.528996334
1.513622707
1.500676496
1.487568458
1.479153421
1.470091074
1.465559901
1.464427107
1.460866900
1.461999693
1.464912590
1.469281936
1.472194833
1.477049662
1.483199112
1.492423287
1.498734564
1.508606050
1.522361400
1.534174818
1.544855444
1.555697897
1.561685520
1.565407557
1.565569384
1.563303797
1.559905416
1.559258105
1.557478001
1.557478001
1.563789280
1.567025833
1.569615076
1.573984423
1.574146251
1.570586042
1.565731212
1.554079620
1.544208133
1.528349023
1.514917328
1.505045842
1.492261459
1.480286214
1.473165799
1.466369039
1.458115830
1.453261002
1.449215311
1.442256724
1.438049206
1.432870723
1.429634171
1.432223412
1.437240068
1.444198655
1.450024449
1.461676038
1.471871178
1.480124387
1.489186734
1.499058220
1.498734564
1.500352841
1.500676496
1.498734564
1.496468977
1.497925426
1.497116288
1.500676496
1.510386154
1.522523228
1.534498474
1.539515131
1.545502754
1.549548446
1.551652205
1.549386618
1.542751684
1.540971580
1.530614610
1.516373777
1.496145322
1.480286214
1.464427107
1.457468520
1.463132486
1.468796453
1.468472798
1.464588935
1.464265280
1.460057762
1.450995415
1.442742207
1.431090619
1.424455688
1.422028274
1.425588481
1.432708895
1.442418552
1.449215311
1.460219589
1.471223867
1.478506110
1.486435664
1.486435664
1.480933525
1.482875456
1.485788354
1.486273837
1.494850701
1.504236704
1.514593673
1.529158161
1.544531788
1.550681239
1.548415652
1.552299516
1.547768341
1.545017271
1.538220510
1.532071059
1.525597953
1.520581296
1.517668398
1.515726467
1.512328086
1.507473257
1.503751221
1.498896392
1.493879735
1.489834045
1.483846422
1.473165799
1.468310970
1.469605591
1.468634625
1.469120108
1.471385695
1.471223867
1.473651282
1.477373317
1.473489454
1.470900212
1.471709350
1.473165799
1.473327626
1.476887834
1.478991593
1.492261459
1.506502291
1.517668398
1.530452782
1.544531788
1.552623171
1.559581761
1.560229071
1.562494659
1.557801656
1.555050586
1.551814033
1.553270482
1.548415652
1.547606514
1.544046305
1.542428029
1.539676959
1.535145784
1.528996334
1.529481817
1.521066779
1.522846883
1.518639364
1.516697432
1.517830226
1.521390434
1.520095813
1.522037745
1.519933985
1.514108190
1.509253361
1.504074876
1.495659839
1.489995872
1.485626526
1.481257180
1.481257180
1.486921147
1.494203391
1.506178636
1.517506571
1.528510851
1.538220510
1.546311893
1.557154346
1.557478001
1.560876382
1.564274763
1.562332831
1.571071525
1.581590324
1.589681708
1.592270951
1.587577948
1.573822596
1.562980142
1.553108654
1.550357584
1.547606514
1.550357584
1.558287139
1.571718836
1.582237635
1.587577948
1.584988705
1.573822596
1.563627452
1.547121031
1.539191476
1.531423748
1.522846883
1.519772158
1.521066779
1.527054402
1.534660301
1.538705993
1.533042025
1.533689335
1.528996334
1.523979676
1.515888294
1.513460880
1.510871637
1.518153881
1.528510851
1.539353303
1.553917793
1.567673144
1.577382804
1.582884945
1.587577948
1.586283327
1.582237635
1.579324736
1.581266669
1.583208601
1.586768810
1.590490846
1.595992987
1.599391369
1.602466095
1.600362335
1.594212883
1.589034397
1.580781186
1.575279045
1.569615076
1.567187661
1.566378523
1.568482282
1.569776904
1.573822596
1.572851630
1.570100559
1.565893040
1.559419933
1.550843067
1.542913512
1.539676959
1.537735027
1.539191476
1.545340927
1.547768341
1.553432310
1.561523693
1.562980142
1.565731212
1.568805938
1.570586042
1.573822596
1.578030115
1.580943013
1.584988705
1.591299985
1.599067713
1.599715024
1.610881134
1.610233824
1.611690273
1.609910168
1.600847818
1.600038679
1.588387086
1.587254293
1.584826877
1.584503222
1.581590324
1.580943013
1.582237635
1.580295703
1.579001081
1.577706460
1.572366147
1.570586042
1.570586042
1.571233353
1.567511316
1.571233353
1.567511316
1.567349489
1.566216695
1.565731212
1.560714554
1.558287139
1.557154346
1.552946827
1.548577480
1.548253824
1.549062963
1.551814033
1.555374242
1.562656486
1.566702178
1.568967765
1.571880664
1.570747870
1.569291421
1.569129593
1.568805938
1.566216695
1.566378523
1.570424215
1.563951108
1.560714554
1.560552727
1.558934450
1.553270482
1.554565103
1.553917793
1.551004895
1.545340927
1.545988237
1.545017271
1.544369961
1.546473720
1.550519412
1.552461344
1.554403276
1.556021552
1.554079620
1.556021552
1.550519412
1.545502754
1.540000614
1.536602233
1.529481817
1.523494194
1.521714089
1.518315709
1.515726467
1.518963019
1.518315709
1.519772158
1.520257641
1.526083436
1.524626987
1.523979676
1.522846883
1.522685055
1.523008711
1.526730746
1.525921608
1.525597953
1.526407091
1.528510851
1.523656021
1.522523228
1.517506571
1.514917328
1.510386154
1.504884015
1.503427566
1.501971117
1.496792633
1.496954460
1.499867358
1.496954460
1.498896392
1.502294772
1.504074876
1.506502291
1.505207670
1.504884015
1.505207670
1.510062499
1.508282395
1.510547982
1.506340463
1.506825946
1.505045842
1.506987774
1.504074876
1.502294772
1.501971117
1.498734564
1.498734564
1.495174356
1.493394252
1.495174356
1.495498012
1.499058220
1.502132945
1.502294772
1.505045842
1.506502291
1.513137224
1.506825946
1.505854980
1.505045842
1.507635084
1.504560359
1.502942083
1.500191013
1.503589393
1.503913049
1.502618428
1.498572737
1.498087254
1.495821667
1.497116288
1.495821667
1.491614148
1.490157700
1.487730285
1.488053941
1.491614148
1.496145322
1.496792633
1.500191013
1.501323807
1.501485634
1.499058220
1.497278116
1.493879735
1.496792633
1.495336184
1.495336184
1.496630805
1.497439943
1.498087254
1.498087254
1.494850701
1.492746942
1.491290493
1.487568458
1.488539423
1.482875456
1.478667938
1.479800732
1.478991593
1.480286214
1.483199112
1.484817388
1.484817388
1.487082975
1.488377596
1.488539423
1.490643183
1.489834045
1.494203391
1.495659839
1.498896392
1.514755501
1.519448502
1.523817849
1.525597953
1.522846883
1.510062499
1.500676496
1.486921147
1.479153421
1.477858800
1.483684595
1.486597492
1.494203391
1.495821667
1.505207670
1.510386154
1.511357120
1.516050122
1.521390434
1.517344743
1.506664119
1.498896392
1.499381875
1.502294772
1.500676496
1.500191013
1.503913049
1.505693153
1.512004431
1.510547982
1.505531325
1.501000151
1.494203391
1.490319527
1.486435664
1.489510389
1.488539423
1.493232425
1.502294772
1.509091533
1.517021088
1.522361400
1.526083436
1.524788815
1.522361400
1.517506571
1.510871637
1.506016808
1.498734564
1.493394252
1.492099631
1.492099631
1.494203391
1.498410909
1.503589393
1.514108190
1.525112470
1.533851163
1.542913512
1.547282859
1.550357584
1.554726931
1.555050586
1.553108654
1.551166722
1.548577480
1.544369961
1.541457063
1.529967299
1.525597953
1.523008711
1.514917328
1.510547982
1.512166258
1.506987774
1.511033465
1.514270018
1.518153881
1.523817849
1.525597953
1.529158161
1.529319989
1.531100093
1.530129127
1.529158161
1.531423748
1.529805472
1.529481817
1.531423748
1.539191476
1.545340927
1.552623171
1.555050586
1.551814033
1.542266201
1.538382337
1.536764061
1.536764061
1.543075339
1.550033929
1.561685520
1.579162909
1.595669332
1.607159098
1.608453719
1.605702648
1.596963953
1.586121499
1.575117217
1.561847348
1.552623171
1.544369961
1.542104373
1.542266201
1.544531788
1.544208133
1.542751684
1.545502754
1.543398995
1.540162442
1.538058682
1.533203853
1.537249544
1.541618891
1.546635548
1.551652205
1.559258105
1.565245729
1.566540350
1.566540350
1.562171003
1.557478001
1.554565103
1.553755965
1.553432310
1.558772622
1.563789280
1.575117217
1.583532256
1.590490846
1.594698366
1.602627922
1.604408027
1.605378993
1.607320925
1.601980612
1.594374710
1.598258575
1.594212883
1.591785468
1.592918261
1.590167191
1.589519880
1.584341394
1.579001081
1.574469906
1.567673144
1.560390899
1.558610795
1.554726931
1.550843067
1.554079620
1.554565103
1.557154346
1.559743588
1.559905416
1.560552727
1.561523693
1.556507035
1.553594137
1.551166722
1.548091997
1.546959203
1.549710273
1.549062963
1.553594137
1.560229071
1.564760246
1.573337113
1.577868287
1.579810219
1.582237635
1.587739776
1.586930637
1.583855911
1.585797843
1.583208601
1.582561290
1.585150533
1.586121499
1.584665050
1.584665050
1.583532256
1.581913979
1.575602700
1.571071525
1.567187661
1.560552727
1.560067244
1.554241448
1.550843067
1.550843067
1.551328550
1.549224790
1.546635548
1.542428029
1.537896854
1.534336646
1.528349023
1.525921608
1.523817849
1.520904951
1.521552262
1.525921608
1.526407091
1.530776438
1.537735027
1.538867820
1.541133408
1.545664582
1.543722650
1.546635548
1.552299516
1.553432310
1.555859725
1.558772622
1.562494659
1.564274763
1.564598418
1.562171003
1.562332831
1.557801656
1.556021552
1.553432310
1.551652205
1.547282859
1.545340927
1.541295235
1.541457063
1.542589856
1.539353303
1.537896854
1.533689335
1.530129127
1.523332366
1.518963019
1.512004431
1.509738844
1.504560359
1.503913049
1.501485634
1.498410909
1.501323807
1.500352841
1.499867358
1.501971117
1.504722187
1.504236704
1.505854980
1.508444223
1.511680775
1.512489914
1.517506571
1.524788815
1.528025368
1.533365680
1.535145784
1.534336646
1.538867820
1.534983957
1.535631267
1.532718370
1.534498474
1.531585576
1.531261921
1.527539885
1.532394714
1.528025368
1.530938265
1.529967299
1.529967299
1.524950642
1.522361400
1.517021088
1.513137224
1.506016808
1.502294772
1.497278116
1.497601771
1.497439943
1.495174356
1.495012529
1.495983495
1.495174356
1.492099631
1.491290493
1.490319527
1.488863079
1.490481355
1.489834045
1.488215768
1.488701251
1.492261459
1.496145322
1.499543703
1.502132945
1.507311429
1.507149602
1.508444223
1.509738844
1.506340463
1.506987774
1.507635084
1.507796912
1.510224327
1.513137224
1.516050122
1.520095813
1.522523228
1.523494194
1.514270018
1.502456600
1.506825946
1.516535605
1.506340463
1.491290493
1.492423287
1.500191013
1.498734564
1.497763599
1.496468977
1.489186734
1.495659839
1.503427566
1.500676496
1.492585114
1.484817388
1.484008250
1.490319527
1.493879735
1.490319527
1.485464698
1.490481355
1.490805010
1.489024906
1.493879735
1.484817388
1.480933525
1.489186734
1.499381875
1.497925426
1.499220047
1.500514668
1.499220047
1.504722187
1.506502291
1.500838324
1.496792633
1.500838324
1.503265738
1.506016808
1.503589393
1.501485634
1.504722187
1.508606050
1.506987774
1.506664119
1.502780255
1.501323807
1.506178636
1.504560359
1.503265738
1.499058220
1.496792633
1.494527046
1.497439943
1.500676496
1.497925426
1.500352841
1.504722187
1.504560359
1.508767878
1.509577016
1.510062499
1.504884015
1.506825946
1.506502291
1.501485634
1.499867358
1.499058220
1.497601771
1.502294772
1.505531325
1.506178636
1.509415188
1.513299052
1.517506571
1.521228606
1.520419468
1.520581296
1.524788815
1.521552262
1.522685055
1.521228606
1.518801192
1.519772158
1.521066779
1.522199572
1.522361400
1.521066779
1.521875917
1.523170538
1.524141504
1.523170538
1.519933985
1.523979676
1.526245264
1.529481817
1.528996334
1.529158161
1.527539885
1.527216229
1.530452782
1.531585576
1.528996334
1.529967299
1.531100093
1.535307612
1.533527508
1.531261921
1.528672678
1.527863540
1.525436125
1.525921608
1.525436125
1.529967299
1.532556542
1.535631267
1.540809752
1.544531788
1.548415652
1.547768341
1.553270482
1.555050586
1.550519412
1.547606514
1.546150065
1.545502754
1.546311893
1.548739307
1.550033929
1.552784999
1.556507035
1.555212414
1.556345208
1.555859725
1.554726931
1.552784999
1.553917793
1.554888759
1.556021552
1.559096278
1.560229071
1.562980142
1.562656486
1.564274763
1.562494659
1.561200037
1.557801656
1.555212414
1.551652205
1.552784999
1.559581761
1.562656486
1.562980142
1.567511316
1.567511316
1.566864006
1.560067244
1.552623171
1.548901135
1.551328550
1.553432310
1.558772622
1.558287139
1.563627452
1.568805938
1.569938731
1.569615076
1.569938731
1.568482282
1.568805938
1.570586042
1.570262387
1.566540350
1.564922074
1.559581761
1.560714554
1.561361865
1.561361865
1.562656486
1.565569384
1.567673144
1.568644110
1.565083901
1.564112935
1.562332831
1.562332831
1.561361865
1.561361865
1.563627452
1.563627452
1.567511316
1.567349489
1.571233353
1.566216695
1.563141969
1.563465625
1.561038210
1.559096278
1.559096278
1.560876382
1.563951108
1.565731212
1.566378523
1.568320455
1.568320455
1.568320455
1.565245729
1.567025833
1.566540350
1.564760246
1.568644110
1.566702178
1.565893040
1.564274763
1.565245729
1.559905416
1.561200037
1.561523693
1.556183380
1.556345208
1.558448967
1.558287139
1.558125312
1.555536069
1.558287139
1.562980142
1.561523693
1.562980142
1.558934450
1.561038210
1.559743588
1.561200037
1.554726931
1.557963484
1.554888759
1.553270482
1.554079620
1.549710273
1.553917793
1.549872101
1.547930169
1.545179099
1.546473720
1.545988237
1.547282859
1.546635548
1.548415652
1.549224790
1.547444686
1.548739307
1.547606514
1.546150065
1.543398995
1.542589856
1.541942546
1.539676959
1.543237167
1.544208133
1.544369961
1.545826410
1.548253824
1.549548446
1.546473720
1.546635548
1.543075339
1.539191476
1.537896854
1.541457063
1.539191476
1.538705993
1.537411371
1.538220510
1.540000614
1.538544165
1.536925889
1.533042025
1.533042025
1.529967299
1.529158161
1.527378057
1.527701712
1.529805472
1.527054402
1.528834506
1.528510851
1.529805472
1.530129127
1.530452782
1.530614610
1.531261921
1.529481817
1.531909231
1.530290955
1.526730746
1.524626987
1.522361400
1.524465159
1.521875917
1.520743124
1.519610330
1.520095813
1.517830226
1.516535605
1.517182915
1.515726467
1.516211949
1.516535605
1.516535605
1.515564639
1.515726467
1.518801192
1.517830226
1.515240984
1.514431845
1.513137224
1.511680775
1.510547982
1.507958740
1.508444223
1.506340463
1.508444223
1.508282395
1.506178636
1.505207670
1.503913049
1.505854980
1.507958740
1.506987774
1.504884015
1.505531325
1.505045842
1.504236704
1.501323807
1.502294772
1.503103911
1.502456600
1.502618428
1.500514668
1.496307150
1.495012529
1.496145322
1.493070597
1.491775976
1.495174356
1.493879735
1.496954460
1.497278116
1.497925426
1.499543703
1.501000151
1.502132945
1.502942083
1.500352841
1.497278116
1.498572737
1.495821667
1.497278116
1.513622707
1.519933985
1.524303332
1.526407091
1.514431845
1.504560359
1.482066318
1.476078696
1.472680316
1.462323348
1.464265280
1.458763141
1.469605591
1.481904491
1.504560359
1.509415188
1.515564639
1.509577016
1.503589393
1.509253361
1.508767878
1.506502291
1.506664119
1.498572737
1.499705530
1.490319527
1.489995872
1.480933525
1.483684595
1.480448042
1.482875456
1.483522767
1.487082975
1.492261459
1.494850701
1.504722187
1.506340463
1.510386154
1.511357120
1.512004431
1.512166258
1.508120567
1.511680775
1.508929706
1.507958740
1.504236704
1.502456600
1.502618428
1.496954460
1.495174356
1.494850701
1.498572737
1.498410909
1.502942083
1.499381875
1.499867358
1.503427566
1.505369497
1.510062499
1.516211949
1.515079156
1.520581296
1.520257641
1.522685055
1.523170538
1.521066779
1.517506571
1.519124847
1.517182915
1.512813569
1.512004431
1.509415188
1.506340463
1.511842603
1.513460880
1.512489914
1.514755501
1.519772158
1.543398995
1.565731212
1.574955389
1.564760246
1.541618891
1.516535605
1.497925426
1.483360939
1.484655560
1.495821667
1.513299052
1.537411371
1.554403276
1.558610795
1.549386618
1.539191476
1.520095813
1.505207670
1.496630805
1.496145322
1.504236704
1.522523228
1.542913512
1.564922074
1.576411838
1.581428496
1.577544632
1.560714554
1.542589856
1.521552262
1.507149602
1.503265738
1.510871637
1.518801192
1.537087716
1.547930169
1.555374242
1.554565103
1.548253824
1.539191476
1.528349023
1.526083436
1.524950642
1.531585576
1.539515131
1.553917793
1.564274763
1.569291421
1.575117217
1.573175285
1.564112935
1.552623171
1.540809752
1.527216229
1.521228606
1.528187195
1.535307612
1.543398995
1.554403276
1.567511316
1.574469906
1.574793562
1.571557008
1.566864006
1.560067244
1.560067244
1.558125312
1.558287139
1.559581761
1.566054867
1.572204319
1.575602700
1.577059149
1.573013457
1.564436591
1.554888759
1.554726931
1.545502754
1.540486097
1.545179099
1.545826410
1.556183380
1.564112935
1.568158627
1.570262387
1.570424215
1.569938731
1.565245729
1.559419933
1.556345208
1.557801656
1.554726931
1.556021552
1.557154346
1.558772622
1.562656486
1.564436591
1.562818314
1.559905416
1.559258105
1.557154346
1.558934450
1.557316174
1.559581761
1.561200037
1.564112935
1.567673144
1.573822596
1.585636016
1.590652674
1.590490846
1.587577948
1.576411838
1.565893040
1.558934450
1.557478001
1.548091997
1.540324269
1.538867820
1.543884478
1.554241448
1.561685520
1.563465625
1.567187661
1.567834972
1.572042491
1.568805938
1.563951108
1.553917793
1.547444686
1.549872101
1.551166722
1.555536069
1.555050586
1.554403276
1.558934450
1.561038210
1.557639829
1.551166722
1.550357584
1.548577480
1.553917793
1.553755965
1.556668863
1.560229071
1.565893040
1.570586042
1.571718836
1.570747870
1.566540350
1.563465625
1.556668863
1.552784999
1.547121031
1.541295235
1.543075339
1.545988237
1.550519412
1.556345208
1.557639829
1.562818314
1.562656486
1.560876382
1.554403276
1.551166722
1.551652205
1.543884478
1.538220510
1.539353303
1.537573199
1.541942546
1.542751684
1.545988237
1.548253824
1.545988237
1.547121031
1.544693616
1.543075339
1.539838786
1.540809752
1.541618891
1.543237167
1.546473720
1.547930169
1.549872101
1.550519412
1.547282859
1.543398995
1.540000614
1.536440406
1.533689335
1.528025368
1.524788815
1.525274298
1.527863540
1.530290955
1.534983957
1.536278578
1.539515131
1.542589856
1.540486097
1.539515131
1.535954923
1.531261921
1.527054402
1.525597953
1.521228606
1.518963019
1.518477536
1.519772158
1.521228606
1.520095813
1.523656021
1.523656021
1.523817849
1.521875917
1.520095813
1.516859260
1.517344743
1.516535605
1.513946362
1.517344743
1.517344743
1.520095813
1.521875917
1.523332366
1.521875917
1.517506571
1.517344743
1.514108190
1.510062499
1.507473257
1.507311429
1.507635084
1.508606050
1.514270018
1.513460880
1.516050122
1.516859260
1.516859260
1.513622707
1.515564639
1.511195293
1.509091533
1.507473257
1.507635084
1.507149602
1.505207670
1.506502291
1.506502291
1.504560359
1.502294772
1.501161979
1.496792633
1.493879735
1.493879735
1.494203391
1.493070597
1.496307150
1.498734564
1.504236704
1.506502291
1.506825946
1.505531325
1.506502291
1.505369497
1.503427566
1.497925426
1.493556080
1.493394252
1.492908770
1.495336184
1.495983495
1.499381875
1.499867358
1.504074876
1.503913049
1.501809289
1.500838324
1.498410909
1.497116288
1.499543703
1.499058220
1.497925426
1.498734564
1.508444223
1.511357120
1.509415188
1.509577016
1.507958740
1.506502291
1.505207670
1.498734564
1.498734564
1.497925426
1.500352841
1.501647462
1.503103911
1.506664119
1.509091533
1.512651741
1.513784535
1.508444223
1.505693153
1.502132945
1.501323807
1.499381875
1.502132945
1.501000151
1.504884015
1.510386154
1.507311429
1.508606050
1.505045842
1.507149602
1.504560359
1.501971117
1.497601771
1.497278116
1.495498012
1.496468977
1.499543703
1.502942083
1.506016808
1.507473257
1.510709810
1.511357120
1.513622707
1.508606050
1.509738844
1.505693153
1.510547982
1.508606050
1.509900671
1.512166258
1.515726467
1.516859260
1.516859260
1.516373777
1.516535605
1.520095813
1.521875917
1.522523228
1.522523228
1.525274298
1.526892574
1.527539885
1.526730746
1.529643644
1.527054402
1.528025368
1.527216229
1.523332366
1.520257641
1.519933985
1.517182915
1.518315709
1.518639364
1.521390434
1.524303332
1.525597953
1.530452782
1.529805472
1.532556542
1.531423748
1.530452782
1.529319989
1.528672678
1.524465159
1.524141504
1.523979676
1.525274298
1.529967299
1.534336646
1.537087716
1.539191476
1.539838786
1.541133408
1.544855444
1.540809752
1.538220510
1.541780718
1.541457063
1.542751684
1.542428029
1.541618891
1.546473720
1.542589856
1.541780718
1.542104373
1.542428029
1.544208133
1.542104373
1.545988237
1.549224790
1.550357584
1.552137688
1.549548446
1.551975861
1.547768341
1.547282859
1.542913512
1.542589856
1.540486097
1.537249544
1.542428029
1.541133408
1.542589856
1.549062963
1.550357584
1.555697897
1.553594137
1.553755965
1.550033929
1.550357584
1.548091997
1.545340927
1.543237167
1.542589856
1.545340927
1.548901135
1.552137688
1.552299516
1.553755965
1.554888759
1.557639829
1.557316174
1.554726931
1.558448967
1.554565103
1.560229071
1.560552727
1.564922074
1.560552727
1.564436591
1.562656486
1.560229071
1.555050586
1.555212414
1.557639829
1.557963484
1.557478001
1.544855444
1.526083436
1.492261459
1.460705072
1.442580379
1.425588481
1.415716997
1.514917328
1.640495603
1.707006796
1.749729322
1.765426615
1.741314278
1.662180516
1.528025368
1.421866446
1.364741308
1.389015445
1.454070140
1.540162442
1.621885417
1.680952531
1.727397092
1.726264297
1.675450389
1.589843535
1.503589393
1.452451864
1.434974482
1.451804553
1.482551801
1.542751684
1.614764999
1.685645535
1.722056776
1.706521313
1.657487512
1.580457530
1.508767878
1.450509932
1.416040652
1.415878825
1.440962103
1.506987774
1.574308079
1.624312833
1.643893985
1.632080562
1.603275233
1.560229071
1.517506571
1.474460420
1.456335726
1.468310970
1.503751221
1.555859725
1.604084372
1.634993461
1.644864951
1.641142914
1.608291891
1.563141969
1.514270018
1.472842144
1.462161521
1.466692694
1.496954460
1.541457063
1.585312360
1.619619830
1.639524637
1.640171947
1.615250482
1.576735494
1.532718370
1.499058220
1.487730285
1.489024906
1.510547982
1.536602233
1.566378523
1.586606982
1.596154815
1.588710742
1.570262387
1.542589856
1.520257641
1.504398532
1.483846422
1.487730285
1.499705530
1.520904951
1.549386618
1.570424215
1.584988705
1.586768810
1.574469906
1.549224790
1.526892574
1.518153881
1.510709810
1.495174356
1.492746942
1.517992054
1.544693616
1.551490378
1.553108654
1.555212414
1.556507035
1.557478001
1.538058682
1.517992054
1.502942083
1.504560359
1.512166258
1.529967299
1.537411371
1.545340927
1.557154346
1.564274763
1.561523693
1.537735027
1.512004431
1.492585114
1.489024906
1.485302871
1.495012529
1.517506571
1.536602233
1.562656486
1.564112935
1.547606514
1.525921608
1.501809289
1.482551801
1.477211489
1.477858800
1.468472798
1.477373317
1.498896392
1.520743124
1.536440406
1.544208133
1.535793095
1.529481817
1.522199572
1.508120567
1.500191013
1.501485634
1.505854980
1.516050122
1.528834506
1.540324269
1.539515131
1.530938265
1.518477536
1.514108190
1.508282395
1.496145322
1.486112009
1.482713629
1.488215768
1.503427566
1.515726467
1.525759781
1.527863540
1.530290955
1.527054402
1.524950642
1.507958740
1.490157700
1.481095353
1.485141043
1.492261459
1.502942083
1.508929706
1.512166258
1.520257641
1.522361400
1.516211949
1.502294772
1.496792633
1.486435664
1.483037284
1.486759320
1.493556080
1.503913049
1.515888294
1.527216229
1.539029648
1.541942546
1.533203853
1.523494194
1.508120567
1.498572737
1.494365218
1.489024906
1.488863079
1.495983495
1.505531325
1.516373777
1.522037745
1.518639364
1.515240984
1.509415188
1.496145322
1.487082975
1.484655560
1.480771697
1.486759320
1.495821667
1.508929706
1.519124847
1.527539885
1.526568919
1.524141504
1.521390434
1.511518948
1.498410909
1.490643183
1.486112009
1.491775976
1.495821667
1.504884015
1.512651741
1.523332366
1.527701712
1.524141504
1.518477536
1.510709810
1.500352841
1.498896392
1.499705530
1.502294772
1.510224327
1.514593673
1.523008711
1.528996334
1.536278578
1.539191476
1.528834506
1.523008711
1.513299052
1.506178636
1.494688873
1.484655560
1.488377596
1.492423287
1.506178636
1.517830226
1.528349023
1.532556542
1.535631267
1.530452782
1.521390434
1.513299052
1.505854980
1.501971117
1.508929706
1.520743124
1.527863540
1.536440406
1.537896854
1.539838786
1.534822129
1.526568919
1.513946362
1.501000151
1.490157700
1.482066318
1.483360939
1.486597492
1.501161979
1.519448502
1.540162442
1.559419933
1.567511316
1.574146251
1.572366147
1.565245729
1.558125312
1.552461344
1.543884478
1.540486097
1.536602233
1.533042025
1.530776438
1.524788815
1.523332366
1.521552262
1.517506571
1.514431845
1.512813569
1.513460880
1.515726467
1.516697432
1.521552262
1.528510851
1.537411371
1.544046305
1.546150065
1.543237167
1.541618891
1.540971580
1.534983957
1.529967299
1.526892574
1.527863540
1.522199572
1.518963019
1.516211949
1.516859260
1.519772158
1.526568919
1.533042025
1.540647925
1.552137688
1.564274763
1.572527974
1.584017739
1.586121499
1.587092465
1.587739776
1.586930637
1.581266669
1.574793562
1.572204319
1.564112935
1.560229071
1.553108654
1.547444686
1.545017271
1.539515131
1.536925889
1.534174818
1.530938265
1.530938265
1.534983957
1.537896854
1.544208133
1.547606514
1.548577480
1.550519412
1.548415652
1.544531788
1.539353303
1.531585576
1.526730746
1.526407091
1.525597953
1.525436125
1.534336646
1.536602233
1.544208133
1.549224790
1.553917793
1.559096278
1.559905416
1.562494659
1.567673144
1.569615076
1.573984423
1.579001081
1.582561290
1.592594606
1.593241917
1.590814502
1.590652674
1.587092465
1.581104841
1.574469906
1.567025833
1.560229071
1.559419933
1.557478001
1.558287139
1.556668863
1.555050586
1.555050586
1.554241448
1.549386618
1.552137688
1.543722650
1.538705993
1.536602233
1.533203853
1.532232887
1.531747404
1.530614610
1.529967299
1.534174818
1.533365680
1.533527508
1.534336646
1.539353303
1.539353303
1.544693616
1.548739307
1.556507035
1.564598418
1.568967765
1.577059149
1.579162909
1.582561290
1.581752152
1.582075807
1.579486564
1.575117217
1.574469906
1.571880664
1.568644110
1.568967765
1.571071525
1.572366147
1.572204319
1.567673144
1.569291421
1.561847348
1.558287139
1.552461344
1.544693616
1.536602233
1.533365680
1.529481817
1.529481817
1.521714089
1.522523228
1.516859260
1.517182915
1.517344743
1.516211949
1.515888294
1.518153881
1.522037745
1.522037745
1.521714089
1.528996334
1.533203853
1.536440406
1.540971580
1.548577480
1.552784999
1.551652205
1.559096278
1.561361865
1.558772622
1.556668863
1.556830691
1.557478001
1.554888759
1.552137688
1.554888759
1.553755965
1.557639829
1.556021552
1.556668863
1.555859725
1.552946827
1.550519412
1.547282859
1.541457063
1.535307612
1.527539885
1.524950642
1.522361400
1.516859260
1.515888294
1.514270018
1.512328086
1.512813569
1.510062499
1.507311429
1.505045842
1.501485634
1.502618428
1.502618428
1.504560359
1.511357120
1.514270018
1.518963019
1.522037745
1.523170538
1.528025368
1.533365680
1.531261921
1.530452782
1.530129127
1.530938265
1.530129127
1.534660301
1.536440406
1.537087716
1.537735027
1.543075339
1.539029648
1.535954923
1.534983957
1.534822129
1.532232887
1.533527508
1.531423748
1.525597953
1.522361400
1.521066779
1.519772158
1.512651741
1.509091533
1.504398532
1.499705530
1.499381875
1.494850701
1.490966838
1.492585114
1.490643183
1.496307150
1.494688873
1.495659839
1.496792633
1.498249081
1.500514668
1.500352841
1.499867358
1.501485634
1.504722187
1.508282395
1.506340463
1.507149602
1.511680775
1.512489914
1.516050122
1.515888294
1.521066779
1.522361400
1.529481817
1.530452782
1.530776438
1.533689335
1.530129127
1.528834506
1.528025368
1.527216229
1.523008711
1.522685055
1.519286675
1.514755501
1.508444223
1.508606050
1.507149602
1.506987774
1.502456600
1.501971117
1.500352841
1.500676496
1.500029185
1.497925426
1.496630805
1.495336184
1.495336184
1.494041563
1.497278116
1.495336184
1.495821667
1.496307150
1.497116288
1.499705530
1.501647462
1.503913049
1.507796912
1.512328086
1.514108190
1.518153881
1.520581296
1.522037745
1.527054402
1.529158161
1.525921608
1.526892574
1.526892574
1.523817849
1.526568919
1.524788815
1.524950642
1.524303332
1.523817849
1.522523228
1.517668398
1.514270018
1.510224327
1.508282395
1.506502291
1.505693153
1.502780255
1.505207670
1.508767878
1.510224327
1.510871637
1.511357120
1.510386154
1.509415188
1.510547982
1.511518948
1.507635084
1.508444223
1.508767878
1.510062499
1.510709810
1.513137224
1.516859260
1.518315709
1.518315709
1.520581296
1.523332366
1.524626987
1.530452782
1.534983957
1.536278578
1.539029648
1.542751684
1.542751684
1.545502754
1.546959203
1.542751684
1.541780718
1.540162442
1.535793095
1.533689335
1.532718370
1.529805472
1.528510851
1.525921608
1.525759781
1.525436125
1.528510851
1.526730746
1.528349023
1.525597953
1.527216229
1.527054402
1.527054402
1.531423748
1.530129127
1.531747404
1.528349023
1.534336646
1.528510851
1.526083436
1.524141504
1.521390434
1.524141504
1.525759781
1.523656021
1.526568919
1.538220510
1.545988237
1.548901135
1.551814033
1.554403276
1.550519412
1.547121031
1.548577480
1.544693616
1.547606514
1.554565103
1.559419933
1.562494659
1.572204319
1.571395181
1.561361865
1.561523693
1.555050586
1.548415652
1.539838786
1.534336646
1.540000614
1.536278578
1.532880197
1.530129127
1.530452782
1.533365680
1.536116750
1.542751684
1.546635548
1.539191476
1.540971580
1.543075339
1.540647925
1.542266201
1.539029648
1.539029648
1.547606514
1.540162442
1.535145784
1.535631267
1.537249544
1.543722650
1.551814033
1.556830691
1.559905416
1.569453248
1.573822596
1.577706460
1.579486564
1.576897321
1.573175285
1.570586042
1.565569384
1.565083901
1.564274763
1.562009176
1.561200037
1.563465625
1.560390899
1.555859725
1.554726931
1.555212414
1.548901135
1.549386618
1.548091997
1.546635548
1.551166722
1.550681239
1.547930169
1.551975861
1.553755965
1.551166722
1.548901135
1.548091997
1.541133408
1.539515131
1.536116750
1.535631267
1.536116750
1.537896854
1.541942546
1.548901135
1.549710273
1.551652205
1.555536069
1.557963484
1.566216695
1.561523693
1.567834972
1.564760246
1.562494659
1.563789280
1.564598418
1.561685520
1.562494659
1.559258105
1.557639829
1.553755965
1.549386618
1.550843067
1.549386618
1.547444686
1.546959203
1.548253824
1.547768341
1.547768341
1.551652205
1.551814033
1.550357584
1.549548446
1.551814033
1.552946827
1.551166722
1.550195756
1.549872101
1.547606514
1.546959203
1.545179099
1.543398995
1.543075339
1.545179099
1.545664582
1.542913512
1.540324269
1.543884478
1.540971580
1.540809752
1.545664582
1.539676959
1.539191476
1.543722650
1.546150065
1.545826410
1.547444686
1.548091997
1.551975861
1.547606514
1.547930169
1.544046305
1.541133408
1.539191476
1.540162442
1.538382337
1.537735027
1.537896854
1.541457063
1.545502754
1.542428029
1.543722650
1.542104373
1.541295235
1.538867820
1.537087716
1.534174818
1.533365680
1.531585576
1.533527508
1.533527508
1.530452782
1.527054402
1.528187195
1.529158161
1.526730746
1.522199572
1.522361400
1.524626987
1.525921608
1.527054402
1.526245264
1.528834506
1.530129127
1.532394714
1.531261921
1.528996334
1.526407091
1.526730746
1.527539885
1.527378057
1.522037745
1.522361400
1.526892574
1.530452782
1.529805472
1.532394714
1.535469440
1.530129127
1.528834506
1.531423748
1.528834506
1.525597953
1.526245264
1.524626987
1.520904951
1.520581296
1.519124847
1.518153881
1.517344743
1.512975397
1.512489914
1.511842603
1.508767878
1.511357120
1.510386154
1.513137224
1.510224327
1.514593673
1.517830226
1.519933985
1.517344743
1.515564639
1.514593673
1.517021088
1.516373777
1.521875917
1.524950642
1.525112470
1.520581296
1.520904951
1.516697432
1.517182915
1.515888294
1.516050122
1.510224327
1.510871637
1.509738844
1.510224327
1.511033465
1.512328086
1.509253361
1.513460880
1.511357120
1.512328086
1.511357120
1.506502291
1.506340463
1.506825946
1.508282395
1.508444223
1.510062499
1.511518948
1.515240984
1.513299052
1.512975397
1.508606050
1.505693153
1.507635084
1.509091533
1.511842603
1.509253361
1.510547982
1.514431845
1.514917328
1.516859260
1.517992054
1.514755501
1.514431845
1.511680775
1.510062499
1.510062499
1.505693153
1.506502291
1.505045842
1.505207670
1.506178636
1.508444223
1.508282395
1.510547982
1.505207670
1.506664119
1.511195293
1.512975397
1.514108190
1.513946362
1.515079156
1.516859260
1.518315709
1.510547982
1.512489914
1.523008711
1.514917328
1.513460880
1.514270018
1.511842603
1.515402811
1.512651741
1.521228606
1.515402811
1.524141504
1.516211949
1.513299052
1.513622707
1.515726467
1.512166258
1.511357120
1.512166258
1.514431845
1.517506571
1.518963019
1.518963019
1.520743124
1.522685055
1.522361400
1.522361400
1.527216229
1.528996334
1.529805472
1.528834506
1.527378057
1.523332366
1.521390434
1.520581296
1.521552262
1.520257641
1.516535605
1.518477536
1.517506571
1.518153881
1.520743124
1.520419468
1.525597953
1.526083436
1.530452782
1.529319989
1.527054402
1.527863540
1.526083436
1.527054402
1.523656021
1.526245264
1.523170538
1.526407091
1.530938265
1.527539885
1.528025368
1.524465159
1.524465159
1.527054402
1.531100093
1.528834506
1.530776438
1.534174818
1.535469440
1.537411371
1.540647925
1.537573199
1.543398995
1.543398995
1.540971580
1.539029648
1.539191476
1.538220510
1.540809752
1.535631267
1.536440406
1.536116750
1.533851163
1.534660301
1.534983957
1.532556542
1.534174818
1.537087716
1.540647925
1.538705993
1.542104373
1.544531788
1.543884478
1.548415652
1.545826410
1.546311893
1.545502754
1.544046305
1.540486097
1.539191476
1.537249544
1.534983957
1.535145784
1.536925889
1.541295235
1.540324269
1.542913512
1.543722650
1.548577480
1.547930169
1.551652205
1.552137688
1.556021552
1.579162909
1.600038679
1.609424685
1.602627922
1.578030115
1.547930169
1.519286675
1.500514668
1.491937804
1.496145322
1.516373777
1.542751684
1.566702178
1.582399462
1.586930637
1.580619358
1.564274763
1.555859725
1.543398995
1.535631267
1.536602233
1.549224790
1.563303797
1.576250011
1.588225259
1.595507504
1.593727400
1.584988705
1.566540350
1.545340927
1.524788815
1.518639364
1.517344743
1.524950642
1.535631267
1.548739307
1.568320455
1.583046773
1.585959671
1.585959671
1.573984423
1.558772622
1.548577480
1.538382337
1.537896854
1.539676959
1.547121031
1.557478001
1.560714554
1.570909698
1.568644110
1.565407557
1.555374242
1.545826410
1.535469440
1.531747404
1.536925889
1.546311893
1.560876382
1.578191943
1.593403744
1.602466095
1.600524162
1.590005363
1.577382804
1.562009176
1.542589856
1.537573199
1.534012991
1.535307612
1.547121031
1.557478001
1.569291421
1.574631734
1.575440872
1.574793562
1.567996799
1.557801656
1.545340927
1.532718370
1.526892574
1.527216229
1.526568919
1.534336646
1.545502754
1.553432310
1.561523693
1.565245729
1.563627452
1.555536069
1.547768341
1.542913512
1.538867820
1.536278578
1.536278578
1.542751684
1.548577480
1.557639829
1.564112935
1.568967765
1.571395181
1.569453248
1.563789280
1.554726931
1.546473720
1.540647925
1.532718370
1.534822129
1.536602233
1.543722650
1.549872101
1.551490378
1.553108654
1.549710273
1.545340927
1.542751684
1.535145784
1.528834506
1.521875917
1.520581296
1.523332366
1.526407091
1.526892574
1.530776438
1.535631267
1.535469440
1.533527508
1.526892574
1.520095813
1.518153881
1.511195293
1.512651741
1.518639364
1.522361400
1.531423748
1.537735027
1.541133408
1.545179099
1.543884478
1.540971580
1.541618891
1.528834506
1.524303332
1.518315709
1.519610330
1.519124847
1.521552262
1.523979676
1.533689335
1.536116750
1.538058682
1.538382337
1.532394714
1.528672678
1.524626987
1.515564639
1.513784535
1.519286675
1.521714089
1.526083436
1.530452782
1.532232887
1.530452782
1.530129127
1.530776438
1.520904951
1.513946362
1.505207670
1.501809289
1.498734564
1.498734564
1.500352841
1.502618428
1.508444223
1.514917328
1.521066779
1.523656021
1.523656021
1.521875917
1.518315709
1.517506571
1.514917328
1.508282395
1.509900671
1.511518948
1.516211949
1.517992054
1.515564639
1.517182915
1.517830226
1.514917328
1.516373777
1.515402811
1.508929706
1.507311429
1.509577016
1.511033465
1.516211949
1.517021088
1.518153881
1.524141504
1.521228606
1.526730746
1.522846883
1.516535605
1.514917328
1.502132945
1.501161979
1.500029185
1.498572737
1.501809289
1.506340463
1.508120567
1.513299052
1.514755501
1.516697432
1.514917328
1.514593673
1.512489914
1.517021088
1.515726467
1.517182915
1.519772158
1.522523228
1.519610330
1.524950642
1.532880197
1.530776438
1.524141504
1.521714089
1.517506571
1.517344743
1.513946362
1.513946362
1.514431845
1.517182915
1.522846883
1.524950642
1.526245264
1.523817849
1.522685055
1.520581296
1.516535605
1.513299052
1.511357120
1.509091533
1.509091533
1.509415188
1.509577016
1.513622707
1.521390434
1.521066779
1.525597953
1.521228606
1.523979676
1.515079156
1.513622707
1.511518948
1.512489914
1.512489914
1.519286675
1.519610330
1.521552262
1.523817849
1.528996334
1.526730746
1.524788815
1.525274298
1.523817849
1.520581296
1.519933985
1.520419468
1.522199572
1.529481817
1.532556542
1.534174818
1.540324269
1.537411371
1.534336646
1.530938265
1.526245264
1.519286675
1.512328086
1.512328086
1.512489914
1.513784535
1.519610330
1.522523228
1.525112470
1.527216229
1.528349023
1.532071059
1.534174818
1.537087716
1.537087716
1.539029648
1.537573199
1.536278578
1.536440406
1.533042025
1.535145784
1.533527508
1.537087716
1.536278578
1.539838786
1.539191476
1.536925889
1.534822129
1.535145784
1.537735027
1.537249544
1.540809752
1.540809752
1.546311893
1.547282859
1.549710273
1.551652205
1.555212414
1.554726931
1.553270482
1.547121031
1.546959203
1.536278578
1.528996334
1.521552262
1.524626987
1.523332366
1.531585576
1.539353303
1.549548446
1.553270482
1.555859725
1.551814033
1.544855444
1.544208133
1.536278578
1.529967299
1.535307612
1.530776438
1.534336646
1.538705993
1.543884478
1.546635548
1.550357584
1.553270482
1.552461344
1.549710273
1.549386618
1.548901135
1.548901135
1.547768341
1.553755965
1.555212414
1.557639829
1.560229071
1.558772622
1.558287139
1.552137688
1.553432310
1.549548446
1.549062963
1.551814033
1.554565103
1.556992518
1.556992518
1.554565103
1.558610795
1.556992518
1.554403276
1.552299516
1.548091997
1.545664582
1.543237167
1.542913512
1.543398995
1.547606514
1.554079620
1.554241448
1.555697897
1.559096278
1.559905416
1.560876382
1.560067244
1.559419933
1.557154346
1.557316174
1.560552727
1.561038210
1.558934450
1.561038210
1.559258105
1.560067244
1.563141969
1.563141969
1.557639829
1.557478001
1.553270482
1.556183380
1.557154346
1.558125312
1.558125312
1.559905416
1.562009176
1.564274763
1.563789280
1.558448967
1.558772622
1.552461344
1.549710273
1.549386618
1.546959203
1.546635548
1.546150065
1.546150065
1.550519412
1.546959203
1.549872101
1.549224790
1.545988237
1.546473720
1.551814033
1.547121031
1.544855444
1.544531788
1.545340927
1.544531788
1.550357584
1.545664582
1.544208133
1.547282859
1.548091997
1.549872101
1.544693616
1.550033929
1.549872101
1.545664582
1.542104373
1.545826410
1.543398995
1.541133408
1.542751684
1.544531788
1.544693616
1.542913512
1.543075339
1.542104373
1.541780718
1.541133408
1.542751684
1.544531788
1.542104373
1.543884478
1.541780718
1.542104373
1.542104373
1.543884478
1.543884478
1.543398995
1.535145784
1.536278578
1.539515131
1.540324269
1.541942546
1.535954923
1.538705993
1.538220510
1.533042025
1.530776438
1.528996334
1.532071059
1.532556542
1.536925889
1.538220510
1.539838786
1.542104373
1.542751684
1.542589856
1.534983957
1.533365680
1.525436125
1.525597953
1.522846883
1.520257641
1.523494194
1.525597953
1.523817849
1.526407091
1.525274298
1.524303332
1.526568919
1.524950642
1.525921608
1.527701712
1.534822129
1.529967299
1.529158161
1.529319989
1.530452782
1.528672678
1.525112470
1.527216229
1.524626987
1.520581296
1.516050122
1.516697432
1.515079156
1.513299052
1.513622707
1.517344743
1.520257641
1.520095813
1.522846883
1.520095813
1.520581296
1.521228606
1.522037745
1.518639364
1.527216229
1.523008711
1.526407091
1.524303332
1.525597953
1.521714089
1.520419468
1.520743124
1.512651741
1.516050122
1.511033465
1.516535605
1.525759781
1.533203853
1.531585576
1.519933985
1.508282395
1.501000151
1.501323807
1.501485634
1.498410909
1.501161979
1.499058220
1.510062499
1.520904951
1.521714089
1.529158161
1.527378057
1.525112470
1.523979676
1.518153881
1.512489914
1.512489914
1.515888294
1.515888294
1.524626987
1.519286675
1.514108190
1.512489914
1.505531325
1.505531325
1.503427566
1.503427566
1.506825946
1.508767878
1.509738844
1.516535605
1.523008711
1.525921608
1.519772158
1.521875917
1.524950642
1.515888294
1.510709810
1.510547982
1.505854980
1.506825946
1.510709810
1.511842603
1.515888294
1.513299052
1.512328086
1.511357120
1.516373777
1.511033465
1.507473257
1.512166258
1.513460880
1.517830226
1.521552262
1.521552262
1.526407091
1.528187195
1.526730746
1.526892574
1.523170538
1.518639364
1.523008711
1.520581296
1.518639364
1.520581296
1.521552262
1.518315709
1.519286675
1.520419468
1.518963019
1.517344743
1.523170538
1.522523228
1.521714089
1.520419468
1.519448502
1.521066779
1.524303332
1.525112470
1.531747404
1.527378057
1.523332366
1.523332366
1.523332366
1.522846883
1.521228606
1.522685055
1.521552262
1.521066779
1.521390434
1.519610330
1.518801192
1.522037745
1.522846883
1.526245264
1.531747404
1.535307612
1.529158161
1.532880197
1.531585576
1.529643644
1.532071059
1.532071059
1.527054402
1.532071059
1.529158161
1.525597953
1.525112470
1.523979676
1.520095813
1.522523228
1.524626987
1.521390434
1.523817849
1.522361400
1.524626987
1.528187195
1.534498474
1.534660301
1.536278578
1.535954923
1.538382337
1.538220510
1.538705993
1.533365680
1.533042025
1.532232887
1.532556542
1.531423748
1.530938265
1.530290955
1.532718370
1.535469440
1.534498474
1.534336646
1.532232887
1.534983957
1.535793095
1.539353303
1.541780718
1.540000614
1.543237167
1.548091997
1.549386618
1.545664582
1.545664582
1.544046305
1.542751684
1.539838786
1.535145784
1.534498474
1.537411371
1.539191476
1.541457063
1.543398995
1.545017271
1.550033929
1.547606514
1.546311893
1.548901135
1.546797376
1.549386618
1.546797376
1.548739307
1.552784999
1.549224790
1.550519412
1.552784999
1.560714554
1.562980142
1.565731212
1.567511316
1.561200037
1.551814033
1.538058682
1.527378057
1.521390434
1.518153881
1.520904951
1.527863540
1.536278578
1.545502754
1.555536069
1.562818314
1.564112935
1.565731212
1.562171003
1.561361865
1.557316174
1.559743588
1.558772622
1.560876382
1.561685520
1.562494659
1.560229071
1.557801656
1.552623171
1.544369961
1.537249544
1.529643644
