1.803456142
1.804588937
1.801999692
1.798763136
1.799572275
1.795688408
1.794555614
1.795688408
1.796983031
1.801676036
1.799248620
1.800381414
1.804912592
1.803617970
1.800543242
1.800219586
1.801514209
1.800381414
1.798115825
1.800057759
1.798439481
1.794231958
1.794879270
1.794231958
1.795526581
1.791319058
1.793584647
1.795364753
1.797792170
1.797468514
1.795688408
1.796983031
1.795688408
1.800057759
1.799086792
1.800705070
1.801028725
1.799734103
1.800866898
1.800057759
1.799572275
1.799895931
1.798924964
1.799734103
1.801514209
1.798924964
1.804750764
1.799410447
1.796983031
1.802323348
1.798115825
1.799248620
1.801514209
1.800057759
1.801028725
1.799895931
1.800057759
1.799895931
1.801190553
1.801676036
1.801999692
1.802808831
1.805398076
1.802485175
1.805236248
1.802647003
1.803617970
1.804265281
1.805559903
1.801676036
1.798924964
1.796983031
1.796173892
1.799734103
1.800866898
1.799895931
1.801190553
1.802808831
1.800866898
1.804265281
1.802808831
1.803456142
1.802161520
1.802808831
1.804265281
1.803456142
1.803294314
1.804588937
1.805883559
1.800543242
1.797468514
1.800866898
1.796173892
1.795364753
1.793908303
1.794555614
1.796497547
1.797953997
1.799248620
1.799410447
1.799248620
1.799734103
1.802808831
1.799895931
1.801352381
1.797144859
1.794555614
1.794555614
1.797306686
1.797953997
1.794231958
1.796012064
1.794231958
1.797630342
1.798763136
1.796012064
1.796983031
1.797468514
1.797630342
1.797953997
1.796497547
1.797468514
1.799734103
1.796821203
1.800543242
1.798763136
1.800543242
1.800543242
1.802647003
1.802808831
1.802161520
1.797953997
1.798601309
1.802323348
1.800543242
1.801676036
1.802485175
1.802161520
1.803294314
1.802647003
1.802808831
1.804588937
1.802808831
1.800219586
1.800866898
1.800705070
1.800057759
1.794879270
1.798439481
1.801837864
1.803941625
1.801999692
1.805074420
1.806854526
1.808149148
1.808958287
1.804427109
1.806530870
1.806207215
1.802647003
1.801352381
1.801676036
1.799734103
1.799572275
1.801028725
1.798277653
1.800866898
1.800057759
1.800705070
1.799572275
1.799086792
1.797306686
1.795202925
1.793584647
1.792937336
1.793908303
1.794070131
1.797468514
1.796012064
1.797792170
1.796497547
1.795202925
1.798277653
1.798924964
1.796173892
1.792613681
1.795202925
1.792937336
1.796012064
1.797144859
1.794717442
1.798115825
1.800057759
1.799248620
1.800219586
1.800381414
1.799895931
1.801190553
1.799410447
1.801837864
1.802485175
1.804588937
1.801514209
1.801028725
1.800381414
1.797792170
1.801676036
1.796335720
1.799572275
1.798924964
1.798601309
1.797144859
1.798277653
1.799734103
1.795364753
1.798115825
1.801352381
1.801352381
1.804427109
1.802647003
1.802323348
1.801999692
1.803132487
1.804103453
1.806369042
1.804427109
1.801837864
1.803456142
1.808310976
1.805559903
1.802161520
1.801676036
1.802161520
1.804912592
1.805559903
1.805559903
1.805236248
1.799734103
1.801676036
1.796335720
1.796335720
1.797144859
1.796659375
1.796659375
1.800057759
1.798439481
1.799572275
1.798277653
1.796983031
1.799410447
1.796821203
1.796659375
1.798277653
1.795526581
1.794393786
1.796821203
1.792937336
1.796983031
1.796821203
1.798115825
1.796173892
1.796012064
1.794717442
1.797792170
1.797630342
1.797468514
1.798115825
1.801999692
1.803132487
1.801999692
1.799410447
1.799572275
1.798439481
1.797468514
1.796983031
1.796659375
1.796983031
1.794717442
1.794070131
1.796012064
1.793908303
1.795850236
1.797792170
1.798601309
1.801999692
1.802647003
1.802647003
1.804103453
1.808310976
1.804588937
1.804750764
1.806045387
1.805398076
1.805559903
1.803779798
1.800057759
1.800381414
1.802808831
1.803617970
1.803456142
1.802808831
1.801999692
1.802970659
1.799734103
1.799248620
1.803779798
1.799572275
1.800705070
1.802808831
1.804103453
1.802323348
1.804103453
1.801190553
1.802647003
1.804427109
1.801999692
1.798115825
1.798924964
1.799086792
1.796983031
1.795850236
1.797468514
1.794879270
1.792937336
1.795526581
1.794231958
1.798115825
1.796821203
1.797953997
1.796821203
1.801676036
1.800057759
1.801190553
1.802647003
1.803779798
1.804427109
1.803941625
1.803294314
1.804103453
1.797630342
1.795202925
1.794231958
1.791642714
1.788729814
1.793099164
1.791642714
1.790348092
1.792613681
1.794879270
1.798115825
1.800057759
1.802970659
1.802808831
1.804265281
1.803132487
1.805721731
1.801999692
1.805398076
1.804103453
1.803294314
1.801676036
1.799410447
1.798115825
1.795850236
1.795688408
1.794555614
1.801190553
1.797306686
1.798439481
1.800381414
1.802161520
1.803779798
1.803294314
1.804750764
1.805883559
1.807663665
1.807663665
1.807987320
1.805074420
1.805721731
1.802970659
1.800866898
1.799895931
1.800543242
1.801352381
1.800219586
1.799248620
1.796497547
1.798439481
1.798924964
1.796497547
1.800381414
1.798439481
1.800057759
1.806369042
1.804103453
1.804103453
1.805721731
1.805559903
1.806369042
1.803779798
1.802161520
1.802485175
1.799410447
1.800219586
1.795364753
1.792937336
1.790833575
1.791157231
1.790671747
1.791157231
1.794555614
1.791480886
1.793099164
1.790833575
1.796012064
1.797468514
1.801028725
1.801676036
1.806045387
1.801999692
1.802647003
1.799734103
1.798924964
1.799086792
1.798924964
1.795688408
1.797144859
1.798115825
1.796821203
1.796983031
1.799248620
1.798763136
1.800219586
1.803132487
1.802323348
1.803132487
1.803456142
1.804588937
1.804912592
1.802323348
1.802970659
1.803456142
1.803294314
1.804750764
1.803456142
1.802647003
1.798439481
1.798763136
1.797306686
1.796821203
1.798277653
1.799248620
1.802647003
1.804103453
1.803456142
1.800543242
1.806530870
1.805236248
1.807340009
1.806207215
1.805398076
1.804265281
1.802647003
1.804103453
1.801028725
1.803617970
1.804750764
1.803617970
1.803294314
1.802323348
1.799734103
1.795041097
1.796335720
1.793746475
1.793099164
1.791804542
1.791804542
1.797306686
1.795526581
1.796012064
1.795202925
1.797468514
1.798601309
1.802323348
1.800543242
1.802323348
1.804750764
1.804265281
1.802647003
1.801676036
1.800219586
1.800705070
1.797468514
1.795202925
1.794231958
1.791966369
1.789862608
1.792451853
1.795041097
1.796012064
1.796335720
1.801676036
1.803294314
1.802485175
1.800705070
1.801190553
1.802647003
1.807178181
1.804265281
1.803941625
1.801999692
1.801028725
1.802323348
1.799410447
1.798439481
1.799895931
1.798115825
1.798601309
1.798601309
1.796335720
1.801514209
1.799895931
1.795850236
1.802161520
1.801352381
1.806369042
1.803294314
1.804912592
1.807016353
1.803941625
1.804427109
1.803132487
1.804427109
1.803941625
1.804912592
1.803617970
1.801676036
1.801676036
1.801999692
1.798115825
1.803941625
1.799734103
1.800057759
1.799895931
1.797306686
1.801352381
1.799248620
1.802161520
1.802647003
1.803779798
1.803456142
1.804427109
1.800543242
1.802647003
1.800057759
1.797953997
1.795688408
1.798439481
1.795041097
1.793584647
1.793099164
1.793584647
1.792128197
1.796659375
1.791642714
1.796497547
1.796821203
1.798924964
1.798439481
1.799248620
1.807340009
1.803294314
1.800866898
1.799734103
1.802808831
1.801190553
1.800057759
1.799086792
1.797306686
1.797144859
1.797144859
1.798277653
1.797306686
1.802485175
1.800866898
1.802161520
1.801999692
1.801676036
1.801514209
1.799248620
1.801999692
1.801352381
1.803779798
1.802808831
1.800381414
1.800381414
1.800381414
1.800381414
1.802647003
1.802647003
1.800381414
1.799572275
1.803456142
1.802970659
1.801676036
1.801999692
1.802808831
1.804588937
1.805883559
1.803941625
1.805559903
1.806854526
1.805721731
1.802808831
1.799895931
1.800543242
1.798115825
1.801676036
1.798277653
1.796659375
1.794555614
1.797468514
1.795526581
1.800866898
1.798277653
1.802970659
1.801676036
1.803941625
1.804912592
1.800057759
1.800705070
1.800057759
1.799248620
1.797953997
1.795850236
1.794717442
1.797792170
1.792775508
1.791319058
1.792613681
1.791804542
1.789215297
1.792290025
1.793260992
1.794231958
1.795364753
1.796335720
1.800866898
1.799086792
1.801999692
1.802808831
1.806854526
1.806854526
1.803456142
1.801837864
1.800057759
1.800543242
1.798924964
1.796983031
1.793908303
1.790995403
1.791642714
1.794555614
1.793908303
1.793099164
1.799410447
1.799410447
1.802808831
1.805236248
1.807501837
1.808310976
1.808310976
1.807016353
1.807501837
1.808634631
1.807178181
1.804427109
1.804265281
1.802970659
1.797953997
1.795688408
1.795688408
1.794555614
1.798601309
1.799895931
1.803132487
1.801352381
1.804103453
1.804427109
1.804103453
1.808310976
1.809929254
1.809120115
1.809767426
1.809443770
1.807987320
1.804912592
1.802323348
1.800381414
1.794717442
1.799734103
1.794070131
1.790833575
1.793099164
1.790186264
1.790671747
1.791966369
1.797468514
1.796173892
1.800057759
1.800057759
1.799895931
1.801190553
1.799895931
1.798277653
1.797144859
1.800705070
1.801676036
1.802161520
1.799248620
1.801837864
1.795526581
1.790995403
1.791804542
1.792937336
1.791642714
1.795526581
1.794717442
1.796983031
1.797306686
1.799086792
1.799895931
1.805398076
1.804588937
1.801999692
1.802808831
1.801352381
1.801028725
1.798763136
1.796821203
1.798601309
1.796659375
1.799086792
1.798924964
1.797144859
1.796497547
1.794555614
1.798277653
1.797630342
1.796012064
1.795850236
1.797953997
1.801352381
1.802485175
1.802970659
1.805721731
1.807016353
1.807663665
1.810252909
1.807340009
1.805559903
1.804750764
1.804103453
1.803294314
1.800381414
1.800866898
1.800219586
1.802161520
1.801028725
1.800057759
1.797144859
1.797144859
1.800381414
1.797953997
1.798924964
1.800057759
1.802161520
1.802970659
1.801514209
1.800866898
1.800866898
1.801676036
1.800705070
1.802970659
1.802970659
1.800705070
1.798924964
1.799410447
1.797144859
1.795364753
1.793422820
1.793584647
1.793746475
1.792290025
1.791966369
1.793746475
1.796983031
1.795850236
1.797306686
1.797630342
1.797953997
1.799572275
1.802970659
1.803779798
1.802970659
1.801514209
1.802485175
1.802970659
1.803617970
1.802161520
1.801028725
1.798924964
1.796497547
1.793260992
1.793746475
1.793908303
1.792775508
1.795850236
1.796497547
1.799248620
1.799086792
1.801352381
1.801676036
1.803456142
1.801352381
1.802970659
1.805398076
1.807340009
1.804588937
1.804427109
1.805559903
1.802485175
1.803294314
1.804103453
1.801514209
1.801190553
1.800705070
1.798601309
1.795364753
1.795364753
1.798277653
1.799086792
1.800543242
1.803941625
1.806045387
1.812680326
1.806692698
1.807501837
1.807016353
1.805559903
1.801514209
1.801837864
1.801837864
1.798115825
1.796497547
1.794231958
1.792613681
1.795526581
1.797468514
1.791157231
1.791480886
1.789215297
1.789862608
1.792775508
1.793908303
1.798277653
1.799734103
1.806692698
1.807501837
1.805398076
1.805559903
1.806207215
1.804588937
1.802808831
1.800705070
1.798763136
1.794393786
1.796335720
1.791642714
1.791966369
1.794070131
1.791966369
1.794879270
1.801514209
1.799086792
1.801028725
1.802647003
1.803941625
1.802323348
1.801028725
1.807016353
1.803779798
1.806854526
1.807178181
1.805074420
1.803294314
1.800543242
1.799410447
1.798439481
1.794879270
1.792613681
1.792613681
1.792451853
1.794555614
1.794717442
1.798439481
1.800057759
1.807501837
1.808472804
1.808958287
1.807178181
1.809120115
1.805559903
1.805236248
1.803456142
1.801514209
1.802485175
1.804265281
1.798924964
1.799248620
1.797306686
1.794231958
1.795364753
1.797630342
1.793908303
1.796012064
1.796335720
1.799895931
1.798115825
1.799410447
1.799895931
1.803617970
1.803941625
1.806530870
1.802808831
1.802485175
1.799248620
1.799086792
1.793908303
1.790024436
1.792290025
1.792775508
1.793260992
1.796659375
1.795850236
1.795688408
1.798115825
1.801999692
1.800219586
1.800705070
1.799572275
1.798763136
1.800219586
1.800381414
1.799086792
1.798277653
1.802323348
1.803294314
1.801514209
1.801352381
1.799572275
1.800866898
1.801999692
1.799734103
1.796821203
1.798763136
1.799086792
1.801837864
1.804265281
1.800705070
1.801190553
1.801837864
1.800866898
1.802970659
1.802970659
1.799410447
1.798763136
1.799410447
1.798277653
1.795688408
1.795850236
1.799734103
1.800381414
1.805074420
1.803456142
1.805883559
1.805721731
1.808149148
1.806207215
1.803294314
1.803617970
1.803617970
1.800705070
1.799895931
1.797144859
1.798115825
1.796983031
1.797144859
1.798924964
1.796983031
1.796497547
1.797306686
1.798924964
1.799410447
1.802161520
1.804588937
1.803132487
1.802808831
1.803456142
1.803617970
1.803779798
1.800543242
1.800381414
1.798763136
1.797144859
1.792128197
1.790186264
1.791157231
1.794070131
1.790024436
1.791319058
1.791157231
1.791966369
1.796012064
1.796012064
1.802161520
1.801676036
1.804912592
1.805074420
1.804588937
1.803456142
1.801190553
1.804103453
1.802970659
1.799895931
1.800705070
1.794879270
1.794393786
1.797953997
1.793099164
1.792128197
1.794393786
1.796173892
1.796497547
1.798601309
1.800866898
1.801190553
1.804427109
1.806369042
1.807987320
1.806530870
1.808310976
1.809443770
1.808149148
1.804912592
1.803941625
1.802161520
1.804103453
1.800543242
1.799086792
1.796983031
1.797792170
1.798439481
1.797468514
1.797792170
1.799572275
1.802485175
1.805074420
1.805721731
1.806854526
1.805721731
1.804750764
1.807340009
1.806369042
1.803617970
1.803456142
1.801837864
1.799895931
1.798763136
1.795202925
1.795688408
1.793746475
1.794231958
1.795364753
1.796821203
1.798439481
1.801837864
1.800057759
1.801190553
1.799248620
1.802161520
1.800219586
1.802647003
1.805236248
1.802970659
1.802323348
1.799086792
1.799572275
1.800219586
1.796497547
1.796497547
1.797306686
1.793746475
1.795202925
1.797144859
1.795202925
1.794879270
1.795526581
1.798763136
1.799734103
1.799895931
1.799572275
1.801999692
1.799572275
1.800219586
1.801028725
1.803132487
1.802161520
1.801837864
1.800381414
1.799895931
1.799086792
1.797630342
1.800543242
1.799410447
1.800219586
1.801190553
1.798439481
1.801028725
1.802647003
1.800057759
1.800866898
1.803617970
1.803617970
1.803617970
1.802161520
1.803617970
1.804912592
1.802323348
1.801514209
1.802647003
1.800219586
1.803779798
1.805398076
1.802970659
1.801352381
1.800381414
1.801514209
1.805074420
1.802970659
1.804265281
1.804588937
1.803941625
1.801999692
1.800705070
1.798277653
1.800219586
1.800866898
1.799410447
1.797306686
1.799572275
1.797144859
1.799248620
1.797630342
1.797144859
1.808472804
1.799086792
1.802323348
1.799572275
1.797630342
1.796983031
1.796173892
1.793746475
1.795526581
1.795850236
1.795850236
1.796335720
1.798439481
1.799895931
1.796983031
1.795688408
1.797953997
1.797630342
1.798924964
1.798763136
1.799734103
1.802161520
1.802647003
1.806207215
1.804103453
1.804588937
1.803132487
1.801999692
1.802647003
1.797306686
1.797144859
1.795526581
1.793260992
1.794717442
1.795688408
1.794555614
1.797306686
1.796012064
1.803294314
1.801837864
1.800866898
1.802161520
1.803294314
1.804588937
1.801028725
1.801676036
1.801999692
1.803617970
1.800705070
1.800866898
1.800866898
1.797306686
1.802970659
1.799248620
1.798439481
1.798601309
1.796012064
1.794717442
1.799895931
1.800057759
1.800543242
1.802970659
1.807178181
1.802808831
1.805559903
1.803456142
1.805236248
1.805398076
1.801837864
1.802970659
1.800705070
1.798924964
1.798277653
1.795526581
1.794231958
1.798277653
1.796983031
1.800057759
1.800866898
1.801837864
1.801837864
1.800381414
1.800057759
1.801190553
1.802161520
1.800219586
1.802808831
1.802323348
1.802808831
1.801352381
1.800219586
1.797144859
1.800381414
1.799572275
1.797468514
1.797792170
1.796173892
1.799086792
1.796983031
1.796012064
1.799734103
1.798115825
1.801190553
1.801676036
1.800381414
1.799734103
1.797144859
1.797792170
1.798601309
1.801837864
1.800381414
1.801190553
1.802323348
1.801352381
1.800866898
1.798115825
1.798277653
1.797953997
1.800381414
1.798277653
1.799410447
1.798277653
1.800705070
1.797630342
1.798601309
1.798439481
1.801676036
1.801514209
1.801837864
1.799572275
1.799086792
1.800381414
1.801676036
1.801352381
1.803617970
1.804103453
1.803617970
1.803617970
1.804750764
1.802485175
1.798439481
1.798115825
1.799734103
1.798924964
1.796497547
1.796497547
1.793260992
1.796983031
1.798277653
1.794555614
1.797306686
1.799895931
1.801837864
1.804588937
1.803941625
1.807501837
1.806369042
1.807987320
1.807663665
1.805074420
1.808958287
1.804588937
1.803617970
1.802323348
1.795688408
1.793099164
1.791642714
1.795202925
1.793099164
1.793746475
1.796821203
1.796821203
1.802161520
1.800219586
1.799410447
1.802161520
1.806369042
1.806530870
1.805883559
1.804103453
1.805236248
1.805559903
1.802970659
1.803294314
1.798763136
1.797144859
1.796497547
1.795202925
1.796497547
1.795202925
1.791642714
1.792937336
1.796983031
1.797306686
1.798439481
1.803294314
1.805236248
1.803617970
1.804912592
1.806045387
1.807178181
1.807016353
1.805559903
1.805559903
1.802808831
1.802808831
1.801190553
1.799572275
1.799086792
1.793908303
1.793422820
1.793746475
1.796173892
1.795526581
1.794879270
1.796012064
1.798439481
1.801999692
1.807825492
1.804912592
1.806854526
1.806692698
1.807501837
1.806045387
1.801352381
1.799410447
1.800543242
1.799410447
1.798924964
1.795850236
1.791966369
1.792128197
1.790348092
1.792128197
1.791157231
1.793746475
1.793584647
1.796173892
1.800543242
1.801028725
1.804103453
1.805559903
1.805721731
1.807987320
1.808472804
1.806369042
1.804427109
1.803456142
1.799086792
1.797953997
1.795202925
1.793422820
1.796012064
1.795041097
1.793260992
1.797144859
1.797953997
1.797792170
1.804427109
1.801999692
1.804588937
1.805559903
1.807825492
1.807987320
1.805559903
1.802323348
1.803456142
1.803456142
1.799895931
1.803456142
1.798277653
1.798115825
1.797630342
1.797630342
1.794393786
1.795041097
1.794393786
1.795688408
1.801676036
1.801028725
1.802161520
1.804103453
1.806854526
1.807016353
1.808634631
1.804588937
1.804265281
1.805074420
1.801028725
1.795688408
1.794393786
1.794717442
1.797953997
1.794393786
1.794879270
1.794879270
1.795364753
1.794393786
1.796012064
1.794879270
1.799086792
1.799410447
1.803941625
1.801999692
1.802323348
1.802970659
1.801352381
1.801676036
1.802323348
1.801352381
1.800219586
1.798439481
1.799086792
1.796497547
1.795526581
1.797792170
1.794070131
1.797792170
1.798277653
1.798601309
1.806045387
1.801514209
1.801190553
1.799410447
1.800543242
1.802161520
1.800705070
1.803779798
1.804588937
1.804265281
1.802970659
1.802323348
1.803132487
1.802970659
1.800219586
1.800219586
1.800219586
1.799895931
1.801999692
1.798601309
1.797792170
1.798277653
1.802323348
1.800381414
1.802970659
1.799572275
1.801999692
1.804265281
1.804912592
1.802970659
1.802161520
1.803132487
1.800543242
1.801190553
1.799734103
1.799734103
1.796821203
1.798439481
1.800705070
1.803294314
1.797953997
1.799410447
1.802485175
1.801028725
1.799086792
1.799410447
1.802647003
1.802323348
1.801352381
1.799410447
1.801352381
1.802970659
1.803456142
1.800057759
1.800057759
1.797792170
1.799734103
1.796983031
1.797630342
1.796821203
1.797468514
1.796821203
1.800057759
1.800543242
1.799410447
1.800381414
1.797953997
1.800543242
1.801190553
1.801190553
1.796659375
1.800219586
1.799086792
1.800219586
1.799086792
1.798924964
1.799572275
1.799410447
1.804265281
1.800543242
1.802808831
1.800543242
1.801514209
1.799410447
1.797306686
1.798601309
1.796173892
1.795688408
1.796173892
1.796012064
1.796821203
1.800543242
1.802647003
1.798601309
1.799086792
1.798277653
1.797144859
1.797792170
1.798277653
1.798115825
1.801837864
1.798439481
1.800381414
1.799086792
1.801190553
1.801352381
1.801999692
1.803132487
1.804427109
1.802323348
1.802647003
1.798439481
1.801999692
1.801676036
1.801352381
1.800219586
1.800705070
1.800381414
1.802647003
1.803456142
1.801676036
1.800057759
1.801514209
1.801352381
1.800705070
1.802323348
1.803456142
1.802323348
1.798763136
1.800543242
1.800219586
1.801999692
1.801190553
1.799734103
1.796821203
1.795850236
1.799410447
1.797144859
1.800705070
1.798763136
1.799086792
1.800866898
1.801028725
1.801514209
1.799410447
1.800705070
1.799248620
1.802970659
1.802323348
1.797630342
1.798601309
1.796173892
1.797630342
1.796821203
1.797468514
1.800866898
1.801190553
1.798763136
1.802485175
1.800543242
1.804427109
1.798115825
1.798924964
1.798277653
1.799410447
1.801676036
1.802485175
1.800866898
1.799248620
1.798115825
1.798115825
1.799248620
1.799410447
1.798924964
1.799895931
1.799734103
1.801999692
1.801190553
1.803617970
1.801676036
1.806530870
1.802808831
1.804750764
1.802647003
1.800219586
1.799734103
1.798439481
1.798763136
1.800705070
1.798115825
1.798277653
1.798924964
1.799410447
1.799572275
1.798277653
1.797306686
1.800057759
1.799895931
1.802970659
1.802808831
1.805236248
1.804265281
1.803294314
1.800705070
1.798439481
1.798439481
1.797953997
1.797792170
1.798277653
1.794717442
1.795526581
1.796173892
1.799248620
1.803941625
1.802970659
1.804427109
1.806692698
1.808958287
1.808472804
1.803617970
1.804588937
1.802323348
1.803132487
1.800381414
1.796659375
1.796983031
1.795850236
1.796335720
1.798601309
1.794717442
1.797468514
1.798439481
1.796821203
1.796821203
1.798277653
1.796821203
1.798439481
1.799572275
1.804588937
1.803941625
1.803456142
1.806207215
1.805721731
1.803617970
1.803294314
1.797630342
1.797468514
1.798277653
1.794231958
1.795850236
1.795850236
1.793908303
1.795526581
1.794393786
1.796335720
1.799410447
1.798601309
1.801837864
1.808796459
1.807663665
1.808796459
1.805559903
1.806530870
1.805236248
1.803617970
1.802161520
1.799734103
1.801028725
1.794555614
1.797792170
1.793908303
1.797144859
1.797792170
1.796497547
1.797953997
1.797468514
1.798763136
1.801837864
1.804265281
1.804912592
1.807016353
1.805721731
1.808958287
1.805883559
1.802485175
1.800866898
1.798115825
1.796821203
1.794393786
1.793746475
1.794070131
1.795688408
1.795364753
1.794393786
1.796012064
1.798277653
1.801514209
1.801352381
1.803617970
1.805398076
1.805236248
1.805074420
1.806045387
1.801352381
1.801514209
1.802323348
1.801837864
1.802970659
1.802485175
1.802161520
1.802161520
1.800543242
1.798601309
1.798601309
1.797630342
1.798115825
1.798924964
1.800219586
1.801676036
1.802323348
1.806207215
1.803132487
1.801837864
1.804265281
1.801028725
1.800866898
1.799086792
1.797306686
1.794717442
1.796983031
1.797953997
1.800219586
1.804750764
1.799734103
1.798924964
1.798277653
1.797144859
1.796335720
1.796983031
1.797306686
1.795526581
1.796983031
1.796012064
1.794231958
1.799410447
1.798924964
1.802161520
1.805236248
1.807016353
1.809443770
1.807825492
1.807663665
1.805559903
1.802970659
1.799410447
1.798277653
1.797953997
1.799734103
1.802485175
1.803456142
1.806369042
1.803617970
1.802323348
1.799248620
1.796497547
1.794717442
1.794717442
1.794555614
1.798277653
1.798439481
1.802323348
1.801676036
1.807663665
1.807825492
1.805236248
1.803779798
1.803941625
1.799895931
1.799410447
1.799572275
1.798601309
1.797144859
1.798439481
1.796497547
1.796173892
1.798763136
1.796821203
1.798439481
1.799410447
1.799895931
1.800219586
1.802161520
1.799572275
1.803294314
1.801028725
1.802323348
1.808310976
1.808149148
1.810091081
1.805559903
1.801352381
1.800381414
1.794393786
1.791480886
1.787273364
1.788567986
1.788406158
1.790348092
1.792128197
1.795202925
1.796659375
1.799734103
1.804427109
1.806207215
1.805559903
1.807340009
1.806369042
1.804912592
1.807987320
1.804750764
1.803617970
1.804103453
1.805398076
1.800219586
1.795850236
1.794555614
1.791157231
1.790671747
1.790186264
1.790186264
1.793260992
1.798763136
1.800705070
1.802808831
1.805074420
1.805559903
1.807178181
1.806207215
1.805559903
1.802647003
1.801999692
1.797953997
1.798763136
1.795364753
1.793099164
1.791804542
1.793908303
1.798439481
1.798439481
1.797630342
1.800381414
1.798924964
1.803456142
1.798277653
1.796335720
1.798439481
1.800219586
1.805236248
1.806854526
1.808472804
1.809767426
1.807825492
1.807501837
1.802970659
1.799248620
1.797306686
1.793422820
1.790995403
1.789700781
1.789700781
1.791642714
1.795041097
1.800057759
1.803617970
1.804912592
1.803941625
1.807340009
1.806854526
1.808149148
1.806530870
1.811709359
1.807016353
1.804912592
1.803779798
1.801028725
1.799734103
1.795364753
1.795850236
1.794070131
1.793422820
1.790671747
1.791642714
1.795202925
1.795526581
1.799734103
1.800057759
1.805559903
1.806692698
1.811062048
1.809443770
1.808310976
1.805559903
1.803617970
1.800057759
1.798924964
1.796497547
1.795526581
1.797468514
1.792613681
1.795041097
1.794555614
1.795202925
1.799086792
1.801190553
1.803132487
1.804103453
1.803132487
1.802647003
1.803456142
1.804912592
1.805559903
1.808634631
1.809443770
1.803617970
1.801514209
1.796659375
1.793422820
1.789700781
1.788244331
1.788891642
1.789377125
1.791157231
1.797792170
1.799572275
1.799895931
1.802970659
1.804912592
1.805721731
1.809929254
1.806692698
1.809281943
1.803456142
1.801676036
1.798924964
1.798763136
1.795364753
1.798277653
1.798601309
1.799895931
1.801352381
1.801837864
1.799572275
1.800219586
1.800705070
1.801028725
1.797953997
1.798924964
1.799572275
1.801999692
1.801837864
1.804427109
1.804912592
1.803941625
1.804750764
1.799572275
1.798277653
1.795688408
1.794879270
1.795364753
1.792613681
1.792290025
1.796821203
1.796821203
1.800866898
1.802323348
1.800866898
1.802970659
1.802647003
1.803617970
1.799572275
1.802970659
1.803941625
1.807663665
1.806692698
1.802647003
1.803132487
1.800381414
1.800219586
1.797953997
1.796821203
1.794231958
1.793584647
1.796983031
1.793422820
1.797630342
1.798924964
1.802161520
1.805398076
1.808634631
1.804912592
1.809767426
1.808472804
1.808796459
1.805559903
1.803779798
1.800705070
1.800057759
1.797953997
1.796012064
1.798277653
1.794879270
1.794070131
1.794070131
1.795364753
1.795688408
1.797953997
1.798439481
1.797468514
1.799734103
1.799734103
1.798601309
1.802161520
1.803779798
1.803456142
1.802323348
1.801028725
1.796173892
1.795526581
1.793584647
1.794070131
1.794070131
1.795202925
1.794879270
1.796335720
1.796335720
1.797630342
1.798763136
1.799895931
1.803456142
1.801352381
1.807178181
1.801999692
1.801028725
1.799895931
1.800543242
1.799572275
1.801837864
1.802970659
1.801352381
1.803456142
1.802970659
1.801999692
1.800866898
1.796497547
1.796983031
1.795364753
1.796983031
1.795850236
1.797792170
1.797306686
1.801190553
1.801352381
1.807340009
1.807340009
1.805236248
1.803132487
1.806045387
1.805236248
1.804912592
1.803294314
1.801028725
1.801676036
1.801190553
1.801999692
1.800866898
1.799410447
1.799410447
1.798601309
1.794555614
1.794555614
1.794393786
1.794879270
1.796173892
1.798277653
1.797792170
1.799248620
1.797468514
1.800219586
1.799248620
1.800866898
1.800543242
1.802970659
1.800705070
1.801514209
1.798277653
1.796983031
1.796173892
1.801352381
1.799248620
1.794879270
1.794717442
1.795688408
1.795202925
1.792937336
1.794393786
1.793099164
1.796983031
1.802161520
1.800866898
1.805074420
1.804588937
1.802808831
1.804912592
1.802808831
1.802647003
1.801837864
1.799410447
1.798115825
1.799895931
1.795526581
1.795526581
1.799086792
1.797792170
1.796497547
1.793584647
1.792937336
1.794393786
1.793908303
1.794070131
1.799086792
1.801028725
1.805559903
1.809605598
1.810900220
1.810091081
1.809120115
1.808958287
1.807501837
1.805559903
1.799734103
1.798763136
1.794393786
1.797144859
1.794231958
1.791804542
1.792290025
1.792290025
1.795364753
1.796173892
1.802647003
1.800866898
1.802970659
1.804912592
1.802161520
1.807987320
1.805398076
1.806530870
1.805236248
1.802647003
1.803617970
1.802161520
1.801837864
1.796335720
1.796497547
1.793260992
1.793099164
1.794070131
1.795364753
1.795202925
1.796335720
1.797630342
1.798924964
1.799895931
1.802323348
1.801514209
1.799572275
1.800866898
1.801999692
1.799248620
1.798115825
1.798439481
1.797630342
1.798763136
1.794393786
1.793908303
1.793908303
1.792451853
1.794555614
1.796497547
1.797144859
1.798439481
1.799248620
1.802970659
1.803617970
1.804588937
1.805074420
1.804427109
1.804750764
1.808796459
1.804265281
1.806530870
1.803294314
1.800543242
1.801676036
1.799248620
1.798601309
1.798115825
1.799248620
1.797792170
1.796173892
1.795688408
1.795526581
1.797630342
1.800866898
1.803132487
1.803779798
1.802970659
1.804912592
1.807340009
1.807016353
1.805721731
1.804103453
1.809281943
1.804427109
1.800057759
1.797792170
1.797792170
1.797792170
1.799086792
1.799734103
1.796497547
1.795202925
1.799734103
1.800219586
1.796983031
1.798115825
1.797468514
1.797953997
1.798924964
1.797468514
1.802323348
1.801676036
1.803779798
1.800381414
1.802485175
1.799895931
1.801999692
1.801028725
1.801352381
1.800057759
1.800219586
1.799734103
1.801028725
1.799086792
1.798924964
1.798277653
1.798924964
1.797953997
1.798439481
1.795688408
1.796012064
1.795202925
1.799410447
1.800543242
1.798601309
1.798115825
1.801514209
1.801837864
1.801190553
1.800866898
1.797792170
1.798924964
1.800866898
1.800381414
1.800705070
1.797792170
1.798115825
1.796659375
1.798763136
1.796012064
1.800057759
1.800057759
1.801190553
1.803294314
1.801999692
1.797953997
1.802485175
1.802485175
1.802647003
1.801999692
1.802647003
1.803617970
1.804588937
1.801514209
1.799895931
1.800543242
1.800705070
1.798277653
1.799734103
1.795526581
1.793746475
1.794717442
1.798601309
1.795850236
1.797630342
1.797306686
1.798601309
1.800057759
1.799572275
1.801190553
1.799895931
1.802808831
1.800543242
1.802485175
1.801352381
1.804103453
1.801514209
1.803779798
1.802970659
1.800381414
1.797468514
1.797792170
1.796012064
1.796983031
1.793260992
1.795041097
1.794717442
1.797144859
1.796983031
1.798924964
1.802485175
1.804912592
1.807501837
1.806692698
1.805883559
1.803941625
1.802161520
1.803456142
1.802970659
1.800057759
1.800705070
1.798924964
1.800057759
1.795850236
1.794717442
1.791642714
1.792613681
1.794070131
1.791966369
1.795688408
1.796173892
1.800057759
1.803617970
1.805236248
1.806854526
1.808472804
1.806692698
1.806692698
1.807825492
1.802161520
1.805074420
1.798439481
1.794555614
1.796012064
1.794070131
1.794231958
1.797630342
1.797306686
1.795688408
1.797468514
1.799572275
1.801352381
1.800866898
1.799734103
1.803779798
1.800543242
1.804265281
1.803456142
1.804427109
1.802808831
1.803941625
1.802485175
1.801999692
1.801999692
1.798601309
1.795526581
1.796821203
1.795526581
1.795202925
1.795364753
1.796983031
1.797144859
1.801676036
1.800705070
1.802485175
1.800705070
1.803132487
1.802485175
1.804265281
1.803941625
1.801676036
1.800866898
1.800705070
1.796659375
1.796335720
1.794717442
1.795364753
1.796012064
1.796497547
1.796659375
1.794393786
1.791966369
1.797953997
1.796173892
1.797630342
1.799248620
1.798277653
1.799410447
1.804265281
1.800866898
1.802161520
1.802323348
1.805559903
1.804103453
1.800219586
1.801028725
1.800705070
1.803456142
1.799410447
1.800381414
1.801676036
1.801028725
1.801676036
1.799572275
1.799895931
1.797953997
1.799572275
1.799410447
1.801676036
1.800219586
1.800705070
1.802808831
1.802485175
1.800705070
1.799086792
1.798601309
1.801190553
1.801190553
1.799734103
1.801028725
1.801514209
1.801514209
1.802808831
1.800866898
1.801028725
1.801514209
1.800057759
1.800219586
1.803456142
1.800381414
1.797953997
1.796497547
1.801352381
1.799248620
1.798601309
1.798115825
1.800866898
1.801837864
1.798601309
1.798277653
1.796821203
1.796659375
1.797306686
1.797468514
1.796821203
1.795041097
1.796497547
1.797306686
1.796983031
1.796012064
1.800705070
1.796983031
1.800866898
1.797792170
1.797792170
1.796983031
1.797792170
1.801352381
1.800543242
1.800705070
1.802323348
1.801352381
1.804750764
1.802647003
1.798439481
1.799248620
1.802323348
1.802323348
1.801676036
1.801676036
1.799734103
1.800219586
1.801837864
1.797953997
1.798763136
1.798763136
1.798439481
1.799734103
1.797792170
1.799895931
1.800543242
1.799410447
1.802485175
1.804265281
1.807825492
1.806207215
1.805236248
1.804588937
1.802808831
1.799895931
1.802970659
1.800381414
1.798439481
1.798763136
1.799248620
1.798924964
1.801514209
1.798439481
1.798115825
1.799895931
1.798924964
1.802647003
1.803617970
1.801676036
1.801352381
1.800543242
1.801676036
1.802808831
1.803294314
1.801190553
1.801514209
1.799572275
1.801190553
1.796659375
1.792451853
1.790509919
1.793422820
1.796012064
1.795041097
1.800866898
1.799086792
1.797792170
1.801190553
1.802161520
1.802970659
1.804912592
1.805721731
1.803132487
1.802808831
1.800543242
1.800381414
1.800381414
1.799086792
1.801837864
1.799410447
1.799734103
1.802485175
1.801028725
1.799086792
1.798924964
1.798115825
1.799086792
1.799086792
1.797630342
1.797468514
1.798924964
1.800866898
1.801514209
1.800866898
1.801190553
1.802808831
1.799572275
1.803779798
1.799410447
1.795526581
1.795041097
1.798763136
1.797144859
1.798601309
1.799572275
1.799410447
1.802647003
1.804750764
1.802161520
1.800543242
1.799734103
1.799086792
1.799248620
1.802808831
1.799895931
1.801676036
1.801352381
1.802161520
1.798924964
1.798439481
1.800705070
1.800219586
1.797468514
1.797792170
1.798115825
1.798601309
1.800381414
1.798763136
1.798277653
1.799895931
1.801028725
1.799410447
1.798924964
1.800543242
1.795526581
1.796497547
1.801190553
1.799734103
1.799734103
1.800381414
1.803617970
1.805074420
1.802970659
1.801028725
1.802647003
1.802161520
1.800219586
1.799734103
1.800705070
1.799895931
1.800381414
1.797630342
1.797144859
1.796497547
1.795850236
1.794393786
1.796497547
1.793422820
1.794717442
1.791642714
1.792451853
1.798277653
1.797792170
1.802647003
1.805398076
1.806207215
1.803941625
1.804750764
1.800543242
1.801190553
1.798277653
1.798924964
1.797306686
1.798924964
1.796821203
1.795202925
1.795688408
1.800219586
1.797792170
1.799410447
1.799895931
1.800057759
1.801352381
1.800705070
1.801837864
1.801352381
1.802647003
1.804427109
1.801190553
1.804427109
1.803456142
1.800705070
1.800705070
1.799572275
1.796012064
1.804265281
1.796983031
1.797953997
1.795850236
1.792937336
1.794555614
1.797144859
1.798115825
1.801514209
1.802970659
1.804427109
1.804912592
1.807987320
1.806369042
1.804103453
1.802970659
1.801999692
1.800219586
1.801028725
1.797468514
1.798601309
1.798439481
1.800705070
1.797468514
1.796659375
1.795688408
1.797953997
1.796497547
1.796335720
1.797792170
1.799572275
1.797468514
1.800219586
1.803132487
1.806369042
1.806369042
1.807501837
1.805883559
1.804912592
1.802323348
1.796821203
1.796821203
1.796983031
1.789053469
1.791966369
1.790995403
1.794717442
1.792451853
1.793260992
1.795850236
1.799410447
1.799086792
1.803456142
1.801352381
1.802970659
1.801999692
1.800866898
1.803941625
1.806045387
1.803617970
1.802970659
1.801999692
1.804588937
1.800057759
1.797144859
1.794879270
1.795364753
1.796497547
1.796659375
1.797630342
1.796821203
1.799572275
1.800543242
1.801999692
1.801190553
1.802970659
1.803617970
1.805398076
1.805721731
1.802808831
1.801190553
1.798439481
1.799086792
1.799410447
1.801190553
1.800219586
1.799410447
1.799410447
1.799895931
1.798115825
1.797792170
1.798115825
1.799572275
1.797468514
1.796335720
1.798439481
1.800219586
1.799410447
1.801352381
1.799895931
1.803617970
1.803294314
1.806369042
1.805074420
1.805398076
1.799734103
1.800543242
1.799572275
1.797953997
1.798115825
1.795041097
1.796983031
1.796173892
1.796821203
1.797468514
1.794393786
1.799248620
1.798439481
1.802161520
1.801352381
1.799572275
1.799572275
1.801028725
1.804588937
1.802161520
1.805074420
1.807501837
1.804750764
1.803941625
1.801028725
1.799572275
1.796983031
1.795364753
1.794393786
1.792128197
1.794231958
1.795202925
1.797630342
1.799895931
1.797630342
1.797792170
1.799248620
1.802161520
1.800381414
1.805883559
1.799572275
1.799895931
1.802808831
1.800543242
1.802970659
1.804103453
1.802647003
1.803779798
1.801514209
1.800381414
1.796659375
1.794717442
1.792290025
1.795364753
1.792290025
1.797144859
1.795688408
1.800057759
1.798439481
1.798115825
1.797630342
1.803294314
1.803456142
1.804588937
1.805236248
1.804912592
1.804265281
1.806854526
1.803941625
1.801514209
1.801028725
1.799895931
1.798277653
1.797953997
1.797630342
1.797630342
1.795202925
1.797144859
1.799086792
1.797144859
1.800057759
1.798924964
1.800057759
1.801676036
1.803779798
1.802161520
1.802808831
1.805074420
1.807501837
1.805721731
1.805559903
1.800381414
1.801028725
1.801837864
1.794717442
1.795850236
1.791319058
1.794070131
1.795364753
1.794393786
1.797144859
1.803294314
1.801676036
1.802161520
1.803456142
1.804103453
1.802970659
1.805074420
1.804103453
1.800705070
1.798924964
1.801352381
1.797144859
1.798115825
1.797792170
1.796335720
1.796983031
1.797953997
1.796659375
1.794231958
1.796335720
1.795202925
1.797144859
1.799248620
1.799734103
1.798439481
1.798601309
1.801837864
1.803294314
1.803456142
1.801999692
1.801676036
1.802161520
1.802647003
1.798763136
1.799248620
1.795688408
1.796983031
1.795688408
1.795688408
1.794393786
1.796659375
1.794717442
1.796012064
1.800057759
1.801837864
1.804427109
1.805721731
1.806045387
1.804588937
1.806369042
1.801999692
1.801999692
1.802161520
1.799734103
1.800866898
1.800381414
1.799734103
1.798763136
1.795850236
1.794879270
1.796173892
1.798115825
1.799248620
1.800381414
1.802485175
1.803617970
1.806530870
1.804750764
1.806530870
1.805074420
1.803294314
1.802970659
1.801514209
1.796821203
1.797468514
1.794879270
1.797630342
1.794070131
1.794717442
1.795202925
1.798439481
1.798924964
1.799572275
1.801352381
1.800543242
1.803779798
1.805074420
1.803617970
1.803132487
1.802647003
1.803941625
1.803456142
1.801028725
1.801028725
1.800057759
1.796821203
1.799410447
1.798601309
1.797953997
1.796497547
1.796173892
1.795526581
1.798277653
1.796983031
1.800866898
1.799572275
1.801999692
1.803456142
1.802485175
1.802323348
1.801999692
1.802970659
1.805559903
1.799410447
1.805074420
1.800057759
1.798277653
1.796173892
1.798763136
1.794555614
1.797144859
1.798439481
1.798439481
1.797306686
1.797468514
1.798763136
1.801190553
1.800543242
1.799734103
1.799572275
1.800057759
1.797792170
1.799895931
1.798763136
1.798601309
1.803132487
1.802485175
1.803456142
1.803779798
1.797306686
1.798601309
1.798115825
1.797953997
1.800057759
1.798115825
1.798924964
1.800866898
1.802323348
1.804588937
1.803941625
1.803132487
1.803132487
1.803456142
1.802161520
1.801352381
1.799734103
1.797630342
1.797144859
1.795688408
1.795364753
1.796497547
1.799572275
1.799410447
1.800057759
1.800057759
1.801837864
1.803132487
1.803617970
1.806369042
1.805236248
1.805398076
1.804265281
1.807340009
1.806207215
1.803132487
1.799086792
1.799410447
1.798277653
1.798924964
1.793422820
1.794555614
1.796983031
1.796983031
1.797144859
1.797144859
1.799248620
1.800705070
1.801676036
1.802647003
1.802647003
1.803617970
1.801190553
1.801999692
1.803941625
1.805074420
1.800219586
1.801676036
1.797306686
1.796173892
1.795850236
1.796335720
1.796497547
1.794555614
1.794555614
1.795526581
1.796659375
1.800219586
1.801028725
1.798601309
1.798115825
1.800866898
1.800381414
1.800543242
1.802970659
1.801514209
1.799734103
1.800705070
1.797792170
1.798115825
1.796821203
1.796983031
1.796821203
1.798763136
1.796983031
1.797953997
1.796335720
1.796335720
1.797144859
1.797468514
1.797630342
1.799086792
1.800543242
1.801676036
1.802970659
1.803132487
1.803456142
1.800866898
1.802808831
1.801676036
1.799734103
1.801999692
1.799086792
1.798763136
1.797953997
1.798601309
1.796983031
1.800057759
1.795202925
1.796821203
1.795364753
1.796173892
1.796497547
1.798924964
1.800219586
1.801028725
1.801028725
1.806207215
1.802161520
1.802485175
1.802808831
1.801999692
1.802161520
1.803456142
1.799572275
1.801028725
1.800543242
1.799734103
1.797144859
1.797306686
1.796497547
1.800866898
1.797630342
1.797953997
1.796821203
1.802323348
1.799086792
1.801999692
1.801837864
1.801837864
1.802647003
1.804588937
1.804750764
1.804265281
1.801028725
1.802161520
1.802970659
1.801999692
1.801514209
1.799895931
1.798277653
1.796983031
1.799086792
1.799410447
1.799248620
1.798439481
1.798601309
1.804265281
1.801999692
1.802323348
1.800057759
1.801514209
1.800219586
1.799734103
1.799410447
1.797468514
1.796821203
1.797144859
1.796012064
1.794717442
1.796335720
1.791966369
1.790348092
1.795688408
1.793584647
1.796497547
1.794070131
1.796821203
1.796983031
1.799248620
1.801028725
1.803617970
1.805236248
1.804750764
1.802647003
1.803132487
1.799734103
1.799734103
1.796983031
1.797792170
1.794879270
1.796497547
1.795041097
1.795526581
1.794231958
1.798277653
1.798924964
1.802808831
1.801514209
1.802808831
1.801028725
1.802970659
1.803294314
1.802647003
1.803617970
1.805721731
1.802323348
1.804103453
1.802323348
1.801190553
1.799410447
1.795526581
1.798115825
1.800057759
1.798924964
1.798924964
1.798277653
1.801190553
1.801028725
1.801514209
1.801676036
1.806530870
1.803779798
1.806369042
1.805236248
1.804750764
1.804103453
1.803294314
1.801999692
1.800543242
1.801676036
1.802647003
1.801190553
1.802323348
1.796659375
1.792937336
1.793099164
1.794231958
1.795688408
1.797144859
1.799734103
1.801676036
1.801676036
1.800705070
1.795364753
1.792451853
1.796497547
1.801514209
1.801028725
1.799895931
1.794231958
1.795202925
1.797306686
1.798601309
1.795202925
1.798115825
1.799895931
1.799734103
1.797144859
1.793260992
1.791319058
1.797306686
1.800866898
1.800219586
1.797306686
1.797468514
1.800543242
1.802323348
1.803941625
1.801190553
1.801028725
1.801676036
1.800866898
1.801028725
1.795202925
1.797306686
1.797792170
1.797630342
1.796659375
1.796497547
1.798763136
1.801999692
1.800866898
1.798439481
1.797306686
1.793746475
1.797468514
1.802323348
1.801837864
1.801190553
1.800705070
1.802323348
1.802647003
1.801514209
1.799248620
1.804750764
1.803779798
1.805721731
1.802970659
1.804588937
1.804912592
1.805074420
1.801352381
1.798601309
1.798115825
1.799734103
1.801837864
1.801352381
1.802970659
1.800866898
1.791966369
1.790995403
1.793099164
1.795202925
1.792290025
1.792290025
1.795041097
1.802323348
1.801999692
1.799572275
1.800057759
1.805721731
1.808796459
1.807016353
1.802323348
1.800866898
1.802485175
1.802808831
1.797306686
1.795688408
1.797306686
1.799572275
1.798439481
1.796659375
1.793099164
1.795202925
1.798439481
1.802161520
1.796983031
1.794555614
1.796659375
1.802970659
1.802485175
1.798439481
1.794879270
1.797630342
1.803456142
1.801352381
1.799086792
1.799248620
1.796173892
1.797144859
1.796659375
1.800866898
1.796659375
1.800057759
1.804588937
1.804912592
1.802323348
1.801028725
1.800705070
1.801028725
1.801676036
1.798601309
1.797144859
1.799895931
1.801190553
1.804265281
1.803941625
1.802647003
1.799248620
1.802485175
1.799572275
1.800057759
1.795526581
1.796012064
1.796173892
1.796659375
1.794717442
1.792451853
1.799248620
1.798924964
1.801028725
1.798763136
1.800866898
1.803294314
1.800057759
1.803456142
1.797306686
1.803941625
1.802808831
1.798924964
1.797468514
1.800705070
1.798115825
1.799895931
1.798601309
1.799895931
1.800381414
1.800381414
1.801190553
1.803294314
1.801837864
1.800543242
1.801514209
1.803779798
1.803132487
1.802970659
1.801837864
1.803779798
1.802161520
1.797953997
1.796497547
1.795850236
1.793260992
1.794393786
1.796659375
1.795688408
1.794070131
1.795202925
1.797144859
1.803294314
1.802323348
1.802647003
1.802970659
1.802161520
1.801837864
1.802647003
1.799248620
1.800543242
1.802323348
1.800866898
1.798924964
1.796821203
1.798439481
1.800543242
1.799734103
1.799895931
1.800057759
1.798115825
1.802161520
1.802970659
1.800705070
1.797953997
1.794717442
1.798115825
1.800057759
1.799248620
1.801514209
1.802323348
1.797630342
1.797630342
1.797792170
1.796821203
1.795688408
1.797144859
1.798763136
1.799572275
1.801190553
1.800543242
1.800057759
1.800381414
1.799734103
1.799572275
1.799086792
1.800057759
1.796983031
1.798924964
1.795688408
1.799248620
1.798763136
1.801352381
1.800543242
1.801028725
1.803294314
1.802323348
1.798763136
1.800866898
1.798277653
1.796173892
1.797144859
1.794555614
1.797144859
1.799572275
1.803132487
1.801190553
1.802647003
1.799248620
1.803941625
1.802970659
1.802808831
1.801190553
1.798924964
1.801676036
1.798601309
1.799086792
1.801676036
1.804750764
1.803941625
1.800705070
1.801514209
1.802647003
1.804427109
1.802808831
1.800866898
1.802323348
1.799410447
1.802161520
1.800057759
1.797144859
1.797792170
1.796983031
1.795850236
1.799248620
1.795202925
1.797468514
1.800219586
1.802485175
1.804265281
1.802647003
1.804103453
1.803941625
1.805883559
1.805074420
1.805236248
1.803294314
1.800057759
1.799734103
1.794070131
1.793908303
1.792613681
1.790024436
1.788567986
1.794555614
1.790833575
1.791642714
1.792128197
1.794070131
1.797306686
1.796497547
1.797792170
1.798924964
1.801837864
1.802323348
1.800543242
1.800057759
1.800057759
1.800866898
1.800866898
1.798924964
1.798277653
1.797468514
1.796335720
1.793422820
1.795202925
1.797792170
1.799086792
1.797953997
1.797792170
1.798115825
1.799734103
1.799572275
1.800543242
1.802485175
1.802808831
1.807663665
1.798924964
1.798601309
1.799410447
1.797953997
1.800381414
1.797630342
1.799895931
1.805398076
1.805074420
1.807016353
1.806045387
1.805074420
1.801999692
1.803294314
1.801190553
1.799734103
1.799895931
1.798924964
1.800543242
1.801676036
1.803294314
1.803941625
1.804750764
1.807016353
1.803779798
1.802161520
1.797468514
1.797792170
1.796335720
1.797630342
1.796821203
1.801676036
1.800543242
1.800543242
1.801837864
1.802970659
1.800381414
1.799410447
1.799410447
1.795364753
1.794555614
1.794555614
1.794231958
1.791480886
1.792290025
1.791157231
1.792937336
1.798115825
1.795850236
1.801999692
1.798277653
1.800705070
1.801999692
1.797630342
1.798601309
1.801514209
1.802485175
1.799734103
1.799734103
1.800381414
1.799572275
1.799734103
1.796983031
1.795688408
1.795364753
1.793584647
1.793260992
1.795526581
1.796497547
1.796335720
1.799572275
1.802647003
1.802323348
1.803456142
1.805559903
1.804588937
1.808149148
1.809120115
1.805721731
1.801028725
1.800057759
1.800219586
1.798763136
1.794717442
1.792775508
1.791480886
1.791966369
1.795850236
1.795364753
1.799248620
1.798601309
1.804103453
1.806207215
1.805883559
1.807501837
1.805883559
1.805883559
1.805559903
1.804750764
1.802485175
1.802970659
1.801190553
1.798115825
1.794879270
1.794717442
1.794717442
1.794717442
1.794717442
1.794717442
1.796173892
1.797630342
1.802808831
1.801352381
1.802647003
1.803617970
1.804265281
1.804103453
1.803294314
1.801676036
1.799572275
1.797144859
1.798924964
1.796659375
1.793099164
1.794070131
1.791157231
1.789215297
1.794070131
1.791642714
1.791966369
1.796821203
1.798924964
1.802647003
1.804750764
1.807178181
1.806369042
1.807340009
1.806854526
1.806045387
1.802323348
1.803456142
1.800057759
1.797468514
1.796497547
1.794555614
1.794879270
1.794070131
1.795041097
1.794879270
1.795364753
1.793908303
1.799248620
1.797630342
1.796335720
1.798115825
1.800866898
1.805398076
1.807987320
1.806207215
1.807340009
1.808149148
1.807987320
1.803294314
1.799086792
1.796983031
1.795688408
1.793260992
1.794231958
1.793746475
1.795202925
1.793746475
1.796173892
1.797630342
1.797468514
1.801514209
1.799895931
1.803456142
1.801190553
1.801514209
1.801837864
1.803294314
1.805398076
1.801999692
1.800705070
1.799734103
1.797468514
1.794879270
1.795202925
1.794879270
1.794070131
1.793746475
1.798115825
1.798115825
1.796983031
1.798924964
1.797792170
1.796659375
1.801676036
1.803456142
1.803941625
1.802161520
1.806045387
1.805883559
1.801028725
1.803132487
1.803132487
1.803456142
1.802808831
1.800057759
1.801837864
1.797792170
1.797468514
1.796497547
1.795850236
1.796983031
1.799086792
1.800866898
1.797306686
1.798439481
1.798277653
1.799895931
1.802161520
1.800381414
1.801352381
1.801837864
1.802647003
1.800381414
1.802323348
1.800381414
1.798924964
1.798439481
1.801352381
1.801514209
1.800057759
1.798763136
1.798763136
1.800705070
1.799410447
1.798277653
1.798601309
1.799572275
1.802647003
1.802647003
1.801514209
1.807016353
1.801514209
1.800381414
1.803132487
1.801190553
1.802485175
1.801190553
1.801028725
1.798763136
1.795850236
1.796821203
1.795688408
1.796821203
1.796497547
1.797792170
1.794717442
1.800705070
1.800219586
1.793908303
1.796659375
1.798763136
1.798277653
1.798924964
1.801514209
1.798601309
1.800057759
1.799572275
1.800705070
1.799734103
1.797306686
1.801028725
1.795202925
1.794393786
1.796012064
1.793260992
1.791157231
1.793422820
1.794231958
1.797144859
1.794555614
1.797792170
1.797953997
1.798439481
1.798601309
1.800381414
1.802161520
1.802161520
1.808958287
1.807987320
1.806369042
1.806369042
1.804427109
1.806854526
1.805559903
1.804103453
1.800543242
1.800866898
1.800866898
1.795526581
1.795041097
1.798763136
1.799248620
1.798763136
1.798277653
1.800057759
1.799410447
1.802970659
1.805236248
1.802970659
1.804427109
1.801028725
1.804588937
1.806207215
1.805398076
1.800057759
1.798763136
1.796497547
1.797953997
1.796173892
1.794879270
1.797306686
1.797630342
1.797306686
1.801837864
1.800381414
1.801676036
1.800381414
1.802323348
1.802485175
1.798924964
1.798601309
1.799572275
1.799572275
1.799895931
1.798115825
1.796012064
1.800057759
1.795850236
1.793099164
1.791642714
1.789538953
1.787758847
1.786626053
1.790671747
1.792937336
1.796335720
1.796497547
1.802161520
1.804265281
1.803132487
1.804588937
1.805074420
1.806692698
1.804427109
1.802647003
1.798763136
1.798115825
1.799086792
1.795526581
1.797792170
1.799572275
1.798439481
1.800381414
1.802485175
1.799086792
1.803132487
1.799572275
1.804265281
1.802970659
1.801676036
1.801676036
1.803617970
1.803132487
1.805559903
1.803941625
1.802647003
1.801352381
1.806207215
1.802647003
1.799895931
1.801028725
1.799410447
1.800543242
1.800381414
1.801028725
1.801676036
1.802161520
1.808472804
1.808310976
1.806207215
1.801676036
1.801676036
1.798763136
1.801837864
1.802323348
1.798277653
1.796497547
1.800057759
1.797630342
1.795202925
1.793260992
1.792937336
1.793422820
1.796173892
1.794879270
1.797468514
1.796173892
1.799086792
1.796335720
1.796335720
1.797953997
1.800219586
1.803456142
1.802647003
1.799895931
1.797144859
1.795202925
1.797468514
1.796497547
1.797306686
1.796983031
1.800543242
1.797630342
1.797144859
1.794555614
1.795041097
1.797792170
1.802323348
1.801190553
1.799572275
1.800381414
1.798439481
1.802808831
1.801028725
1.804427109
1.803132487
1.806045387
1.806045387
1.803132487
1.800381414
1.797468514
1.796497547
1.797144859
1.799572275
1.797144859
1.796821203
1.802161520
1.804750764
1.805074420
1.802485175
1.805559903
1.805398076
1.805074420
1.804103453
1.799895931
1.797953997
1.798277653
1.798763136
1.795526581
1.793260992
1.792451853
1.792128197
1.795850236
1.799734103
1.795688408
1.797953997
1.798601309
1.804265281
1.805559903
1.805398076
1.807663665
1.806530870
1.807663665
1.807825492
1.805721731
1.802161520
1.801514209
1.800543242
1.799572275
1.798439481
1.797468514
1.797630342
1.796335720
1.798115825
1.796983031
1.800219586
1.798439481
1.803617970
1.800381414
1.799734103
1.795688408
1.796983031
1.799086792
1.798277653
1.796821203
1.793908303
1.794879270
1.799734103
1.797468514
1.792775508
1.794717442
1.794393786
1.797306686
1.800543242
1.800219586
1.800866898
1.800543242
1.802323348
1.799086792
1.800219586
1.799248620
1.799895931
1.800219586
1.803617970
1.802323348
1.801837864
1.800057759
1.805559903
1.802161520
1.802808831
1.801999692
1.800705070
1.800219586
1.803132487
1.796659375
1.799895931
1.796821203
1.798115825
1.798439481
1.796497547
1.798277653
1.796173892
1.798601309
1.798439481
1.801028725
1.801352381
1.800381414
1.804103453
1.804265281
1.803617970
1.803617970
1.804427109
1.803941625
1.805236248
1.802647003
1.804912592
1.802485175
1.804265281
1.801352381
1.797953997
1.797306686
1.797630342
1.797953997
1.797792170
1.798439481
1.797306686
1.795526581
1.798924964
1.796173892
1.796173892
1.796335720
1.799410447
1.800219586
1.802161520
1.801514209
1.800057759
1.801837864
1.800219586
1.802161520
1.799248620
1.797630342
1.800543242
1.799572275
1.799895931
1.793746475
1.793746475
1.793746475
1.798763136
1.798763136
1.798277653
1.802970659
1.801514209
1.804265281
1.804588937
1.805074420
1.807663665
1.804427109
1.810252909
1.805398076
1.802970659
1.800057759
1.796335720
1.798115825
1.796173892
1.795364753
1.794231958
1.796173892
1.797306686
1.797306686
1.796497547
1.796983031
1.802808831
1.804103453
1.806692698
1.806369042
1.807501837
1.807178181
1.805398076
1.804912592
1.800866898
1.799086792
1.796659375
1.796012064
1.792775508
1.792451853
1.790348092
1.792128197
1.795526581
1.797306686
1.796335720
1.797630342
1.801028725
1.802647003
1.802485175
1.802323348
1.801837864
1.804265281
1.800866898
1.802485175
1.799572275
1.800219586
1.799410447
1.798439481
1.794393786
1.793584647
1.792290025
1.792128197
1.792451853
1.793260992
1.792937336
1.794393786
1.795041097
1.798115825
1.801676036
1.802647003
1.806692698
1.805074420
1.806692698
1.806045387
1.804427109
1.801190553
1.802647003
1.801999692
1.798924964
1.799572275
1.796821203
1.795850236
1.795526581
1.793908303
1.791966369
1.792128197
1.794231958
1.796659375
1.801514209
1.802323348
1.806369042
1.809605598
1.813974948
1.812518498
1.810414737
1.810900220
1.808634631
1.805883559
1.803617970
1.799248620
1.797953997
1.796821203
1.793099164
1.795688408
1.793099164
1.797468514
1.793908303
1.795850236
1.796497547
1.797630342
1.805074420
1.802485175
1.805883559
1.807501837
1.804427109
1.804265281
1.803294314
1.802323348
1.803132487
1.799572275
1.794070131
1.793908303
1.794879270
1.790671747
1.787273364
1.787435192
1.791157231
1.790833575
1.796335720
1.797792170
1.799248620
1.804750764
1.803941625
1.802808831
1.801837864
1.800705070
1.800543242
1.801514209
1.802647003
1.799248620
1.796335720
1.796335720
1.797630342
1.798924964
1.797144859
1.793908303
1.794717442
1.795526581
1.799410447
1.797468514
1.795364753
1.799086792
1.801999692
1.800705070
1.799895931
1.802970659
1.800219586
1.803941625
1.801028725
1.802647003
1.802161520
1.802808831
1.805883559
1.805559903
1.802161520
1.804103453
1.803617970
1.801028725
1.803779798
1.804265281
1.800866898
1.800219586
1.803132487
1.802323348
1.801514209
1.800866898
1.806045387
1.806530870
1.803617970
1.804427109
1.805236248
1.803617970
1.805721731
1.799410447
1.798763136
1.797630342
1.797630342
1.795688408
1.798115825
1.797792170
1.800057759
1.799248620
1.800543242
1.800057759
1.800219586
1.800705070
1.800543242
1.797468514
1.798115825
1.796012064
1.794070131
1.796173892
1.796335720
1.794555614
1.795041097
1.795688408
1.793908303
1.793584647
1.793260992
1.795688408
1.797792170
1.795041097
1.801999692
1.796983031
1.799734103
1.799572275
1.798277653
1.797792170
1.797953997
1.797468514
1.796173892
1.793422820
1.796659375
1.793422820
1.793584647
1.794070131
1.796335720
1.795850236
1.800057759
1.801676036
1.802161520
1.806045387
1.803779798
1.801352381
1.801837864
1.801190553
1.801028725
1.803294314
1.801837864
1.799572275
1.802970659
1.800219586
1.802485175
1.801514209
1.801999692
1.805883559
1.804427109
1.803617970
1.805883559
1.804103453
1.800543242
1.801837864
1.803779798
1.804265281
1.800866898
1.801676036
1.801190553
1.800705070
1.798277653
1.797144859
1.797144859
1.795850236
1.798115825
1.799410447
1.800705070
1.799248620
1.801352381
1.800705070
1.806045387
1.802161520
1.805236248
1.800057759
1.800219586
1.797792170
1.798763136
1.798115825
1.801190553
1.799572275
1.801676036
1.799895931
1.800057759
1.795850236
1.797144859
1.792451853
1.791480886
1.795202925
1.792290025
1.792775508
1.794555614
1.796497547
1.797144859
1.799572275
1.803617970
1.799086792
1.797468514
1.798439481
1.797144859
1.797144859
1.798277653
1.796821203
1.795688408
1.795688408
1.796335720
1.797953997
1.797468514
1.797953997
1.798763136
1.797630342
1.801352381
1.801028725
1.802323348
1.803294314
1.805074420
1.805883559
1.804265281
1.802970659
1.804427109
1.804265281
1.803132487
1.802970659
1.799895931
1.799086792
1.801028725
1.799734103
1.799086792
1.800543242
1.804750764
1.803294314
1.807663665
1.805398076
1.805236248
1.803132487
1.805883559
1.802161520
1.798601309
1.800543242
1.801190553
1.800057759
1.798601309
1.798277653
1.797792170
1.796173892
1.797630342
1.800543242
1.799734103
1.798439481
1.798601309
1.801514209
1.802485175
1.801352381
1.801837864
1.803294314
1.800866898
1.801190553
1.799248620
1.797144859
1.796821203
1.795202925
1.792451853
1.793584647
1.795041097
1.795688408
1.797468514
1.799734103
1.796659375
1.799572275
1.799086792
1.800219586
1.800705070
1.797468514
1.800219586
1.796659375
1.801028725
1.798601309
1.796821203
1.795688408
1.796821203
1.800057759
1.797792170
1.797953997
1.796821203
1.795202925
1.799734103
1.797144859
1.799086792
1.801028725
1.800057759
1.802323348
1.805236248
1.803941625
1.805559903
1.805236248
1.808149148
1.805721731
1.804750764
1.805559903
1.804912592
1.802161520
1.801676036
1.798277653
1.797306686
1.796335720
1.795364753
1.797792170
1.796821203
1.796497547
1.797792170
1.796173892
1.795364753
1.798277653
1.798277653
1.801028725
1.805721731
1.803456142
1.807016353
1.806369042
1.807663665
1.802970659
1.800866898
1.796821203
1.794879270
1.793260992
1.794717442
1.794717442
1.794070131
1.795850236
1.799734103
1.799248620
1.801028725
1.801999692
1.807663665
1.801999692
1.802808831
1.801837864
1.800705070
1.800381414
1.798277653
1.797630342
1.794879270
1.795526581
1.796497547
1.791804542
1.793584647
1.791480886
1.791966369
1.791319058
1.791480886
1.793422820
1.799086792
1.795202925
1.798924964
1.801190553
1.805559903
1.805559903
1.805398076
1.804103453
1.804427109
1.804265281
1.802485175
1.799572275
1.801028725
1.798763136
1.800219586
1.799895931
1.800705070
1.799895931
1.799086792
1.801028725
1.802970659
1.801190553
1.800866898
1.799734103
1.799895931
1.800866898
1.800381414
1.799086792
1.802970659
1.801514209
1.801028725
1.802161520
1.799086792
1.798601309
1.800543242
1.799572275
1.800219586
1.797306686
1.798924964
1.798277653
1.799086792
1.796821203
1.799086792
1.795850236
1.802970659
1.799734103
1.798924964
1.800381414
1.800705070
1.803941625
1.800543242
1.798277653
1.798439481
1.798763136
1.797630342
1.797144859
1.797306686
1.797306686
1.796173892
1.793908303
1.799410447
1.797792170
1.798277653
1.797630342
1.801676036
1.801352381
1.798763136
1.800381414
1.803456142
1.799410447
1.800543242
1.801676036
1.800381414
1.801190553
1.800057759
1.796659375
1.794231958
1.795364753
1.794879270
1.795850236
1.801190553
1.799086792
1.801352381
1.799410447
1.801190553
1.800219586
1.803617970
1.801514209
1.801028725
1.802161520
1.802161520
1.800543242
1.798601309
1.797144859
1.799248620
1.799734103
1.798277653
1.800057759
1.800381414
1.799572275
1.802808831
1.801676036
1.798763136
1.800705070
1.801028725
1.800543242
1.801190553
1.799248620
1.799895931
1.800381414
1.798277653
1.798115825
1.799410447
1.797953997
1.800543242
1.800381414
1.803456142
1.801190553
1.802485175
1.801837864
1.803456142
1.803456142
1.802808831
1.799895931
1.802323348
1.798924964
1.798115825
1.794879270
1.797306686
1.796335720
1.798439481
1.798439481
1.800381414
1.796659375
1.797468514
1.798763136
1.801190553
1.801514209
1.801190553
1.799734103
1.803456142
1.801514209
1.804265281
1.800219586
1.796983031
1.799895931
1.798601309
1.797953997
1.799410447
1.797953997
1.797306686
1.796497547
1.797792170
1.798277653
1.799734103
1.798601309
1.799248620
1.802161520
1.801837864
1.800705070
1.805236248
1.803779798
1.805074420
1.804427109
1.805398076
1.806854526
1.804265281
1.803456142
1.802647003
1.804103453
1.801837864
1.802647003
1.799572275
1.801028725
1.800705070
1.799410447
1.796173892
1.795526581
1.796983031
1.797468514
1.804427109
1.800866898
1.802808831
1.801837864
1.802647003
1.801837864
1.800057759
1.799410447
1.802323348
1.798763136
1.798439481
1.797630342
1.795850236
1.796497547
1.796012064
1.799572275
1.800381414
1.798277653
1.798601309
1.798924964
1.800057759
1.795688408
1.799572275
1.799734103
1.805559903
1.804588937
1.803617970
1.804912592
1.802808831
1.800381414
1.802161520
1.800219586
1.797306686
1.796659375
1.796173892
1.795202925
1.793746475
1.796012064
1.796012064
1.799086792
1.803294314
1.803132487
1.802647003
1.803779798
1.800543242
1.799086792
1.799248620
1.798277653
1.801837864
1.801028725
1.800543242
1.801028725
1.802485175
1.802485175
1.803779798
1.797630342
1.800543242
1.804912592
1.801837864
1.802323348
1.803941625
1.800219586
1.802970659
1.798601309
1.800705070
1.800866898
1.798601309
1.798277653
1.801514209
1.801028725
1.801676036
1.798115825
1.798439481
1.804750764
1.806207215
1.803941625
1.803617970
1.802647003
1.802161520
1.799086792
1.801352381
1.801676036
1.802161520
1.802970659
1.801514209
1.802970659
1.801514209
1.800381414
1.801028725
1.800219586
1.802323348
1.799572275
1.797953997
1.797144859
1.801028725
1.796173892
1.797630342
1.796335720
1.800543242
1.800543242
1.801999692
1.802323348
1.800543242
1.801352381
1.802808831
1.799086792
1.798763136
1.798439481
1.799895931
1.801514209
1.800057759
1.799734103
1.799734103
1.797306686
1.798763136
1.801837864
