2.064322647
2.063513508
2.067882862
2.069662969
2.069501141
2.071766732
2.067721034
2.068368345
2.064808131
2.065779099
2.061895228
2.063028024
2.059953293
2.060438777
2.059144153
2.055907595
2.056554907
2.055907595
2.056231251
2.060115121
2.061733400
2.061086089
2.063351680
2.064322647
2.062704368
2.064646303
2.064808131
2.064160819
2.066102754
2.068044690
2.067397378
2.067559206
2.067559206
2.067559206
2.067397378
2.066264582
2.068853829
2.070148453
2.066911894
2.067559206
2.067721034
2.068368345
2.066588238
2.070310281
2.072899528
2.070148453
2.068692001
2.069824797
2.068368345
2.065779099
2.064646303
2.064808131
2.064160819
2.064808131
2.064969959
2.065779099
2.069339313
2.067882862
2.069015657
2.069177485
2.070795764
2.068206517
2.060762433
2.064808131
2.061409744
2.060600605
2.055745767
2.056554907
2.056878563
2.059467809
2.060115121
2.062542540
2.062866196
2.063675335
2.063028024
2.063513508
2.062866196
2.062542540
2.062704368
2.063837163
2.062866196
2.062380712
2.062704368
2.062057056
2.061247917
2.060600605
2.058820498
2.060924261
2.059791465
2.060600605
2.060276949
2.060600605
2.059953293
2.059629637
2.064969959
2.063028024
2.064808131
2.065455443
2.067559206
2.063513508
2.062542540
2.063675335
2.064160819
2.064646303
2.065779099
2.066102754
2.066264582
2.066750066
2.066264582
2.069015657
2.066588238
2.069986625
2.069015657
2.071766732
2.070148453
2.066750066
2.068692001
2.067397378
2.068530173
2.067721034
2.070633936
2.068692001
2.066426410
2.067073722
2.067073722
2.067721034
2.066264582
2.068853829
2.068692001
2.069986625
2.067882862
2.068368345
2.068044690
2.067397378
2.067721034
2.068206517
2.064808131
2.063028024
2.061247917
2.059305981
2.057849530
2.058496842
2.057040390
2.058982326
2.059467809
2.061895228
2.062057056
2.062218884
2.063351680
2.061571572
2.059791465
2.058011358
2.058820498
2.060115121
2.060762433
2.061409744
2.058982326
2.060438777
2.061733400
2.062218884
2.067559206
2.062704368
2.065131787
2.063837163
2.063675335
2.064808131
2.062380712
2.062866196
2.061409744
2.064160819
2.063028024
2.062866196
2.063998991
2.064969959
2.061733400
2.062542540
2.060600605
2.062542540
2.061409744
2.062542540
2.062542540
2.064484475
2.062704368
2.062866196
2.063998991
2.065455443
2.064322647
2.065940926
2.065779099
2.067397378
2.066911894
2.067721034
2.064808131
2.069339313
2.070633936
2.069339313
2.071766732
2.071928560
2.071928560
2.075326947
2.070795764
2.070472109
2.072090388
2.071119420
2.069339313
2.069339313
2.066102754
2.064969959
2.063998991
2.064808131
2.064322647
2.065131787
2.063998991
2.063351680
2.062704368
2.063189852
2.060438777
2.059629637
2.056716735
2.058820498
2.058496842
2.055583939
2.056393079
2.058011358
2.058658670
2.060762433
2.061409744
2.066588238
2.066750066
2.067882862
2.069824797
2.067721034
2.068530173
2.067073722
2.068044690
2.067559206
2.065455443
2.066102754
2.066426410
2.064160819
2.063837163
2.063351680
2.060115121
2.061247917
2.061733400
2.058820498
2.059467809
2.059629637
2.060924261
2.061895228
2.063513508
2.063513508
2.069015657
2.070957592
2.071281248
2.070957592
2.071281248
2.069662969
2.066588238
2.066264582
2.063837163
2.063837163
2.064969959
2.062057056
2.060762433
2.060600605
2.058820498
2.057364046
2.058658670
2.058658670
2.057364046
2.058820498
2.060762433
2.062218884
2.062866196
2.064322647
2.070310281
2.072414044
2.072899528
2.074032323
2.072899528
2.071119420
2.071604904
2.069501141
2.064160819
2.060276949
2.060276949
2.059144153
2.061733400
2.060276949
2.062218884
2.060924261
2.061895228
2.064160819
2.068206517
2.070310281
2.070148453
2.068368345
2.070633936
2.067397378
2.069662969
2.069015657
2.066588238
2.068044690
2.068692001
2.064160819
2.061086089
2.059791465
2.058496842
2.055422111
2.057040390
2.056554907
2.060115121
2.061895228
2.063028024
2.069177485
2.071281248
2.071766732
2.073546839
2.074517807
2.073870495
2.071766732
2.069339313
2.067721034
2.065131787
2.061733400
2.058982326
2.059144153
2.059791465
2.060115121
2.059305981
2.059791465
2.059629637
2.060600605
2.061571572
2.059629637
2.059953293
2.062866196
2.062866196
2.062218884
2.065455443
2.065131787
2.064484475
2.066102754
2.069662969
2.070310281
2.068530173
2.066102754
2.065940926
2.066102754
2.063675335
2.063513508
2.065293615
2.062704368
2.066911894
2.066750066
2.064646303
2.064969959
2.067882862
2.066264582
2.067721034
2.069662969
2.068692001
2.068530173
2.064322647
2.062866196
2.063351680
2.062704368
2.063189852
2.061733400
2.060762433
2.064160819
2.060276949
2.057849530
2.058982326
2.057364046
2.056069423
2.058173186
2.062057056
2.062218884
2.063998991
2.066102754
2.066264582
2.068692001
2.068853829
2.067073722
2.068530173
2.066911894
2.065779099
2.065617271
2.064160819
2.061733400
2.060276949
2.062057056
2.062218884
2.064808131
2.062866196
2.065940926
2.065131787
2.067073722
2.065940926
2.065131787
2.067073722
2.070310281
2.066426410
2.068530173
2.067721034
2.067235550
2.065779099
2.063351680
2.066102754
2.067721034
2.064808131
2.066264582
2.063189852
2.063837163
2.061247917
2.060600605
2.062542540
2.064484475
2.064969959
2.064969959
2.066750066
2.068530173
2.067721034
2.065293615
2.065455443
2.067073722
2.067397378
2.067235550
2.066588238
2.065455443
2.066264582
2.064969959
2.065779099
2.066264582
2.064969959
2.066102754
2.063351680
2.062218884
2.059791465
2.060924261
2.056878563
2.055422111
2.057849530
2.059467809
2.059953293
2.061733400
2.065940926
2.067235550
2.068206517
2.069015657
2.069177485
2.070310281
2.069501141
2.065131787
2.063513508
2.062218884
2.060276949
2.058982326
2.059953293
2.060600605
2.061895228
2.063837163
2.062704368
2.062704368
2.063513508
2.063189852
2.063837163
2.065779099
2.065940926
2.065131787
2.068044690
2.069824797
2.065617271
2.066750066
2.065779099
2.064808131
2.065131787
2.065779099
2.062704368
2.061733400
2.060438777
2.060438777
2.060762433
2.061247917
2.064484475
2.066750066
2.068206517
2.070633936
2.067235550
2.069824797
2.067397378
2.070472109
2.069824797
2.067559206
2.070957592
2.066750066
2.069986625
2.067721034
2.065293615
2.064322647
2.064322647
2.063189852
2.061571572
2.061895228
2.061733400
2.058982326
2.060762433
2.057202218
2.062542540
2.063189852
2.064969959
2.070633936
2.070472109
2.071443076
2.070633936
2.071604904
2.069177485
2.067559206
2.066911894
2.062380712
2.060600605
2.061733400
2.062057056
2.062057056
2.062380712
2.064322647
2.064969959
2.065131787
2.063189852
2.064484475
2.062057056
2.062057056
2.060115121
2.060762433
2.061571572
2.061571572
2.063675335
2.063513508
2.063513508
2.062704368
2.060600605
2.062057056
2.062704368
2.063837163
2.061895228
2.061895228
2.063351680
2.065131787
2.064969959
2.064484475
2.069662969
2.070795764
2.071443076
2.069986625
2.069662969
2.067073722
2.063998991
2.061247917
2.062057056
2.059467809
2.058658670
2.060115121
2.058658670
2.060762433
2.060115121
2.061895228
2.062866196
2.065779099
2.065455443
2.066102754
2.065617271
2.069339313
2.067559206
2.067235550
2.067397378
2.067721034
2.068530173
2.069177485
2.069015657
2.065779099
2.066750066
2.066911894
2.064322647
2.067397378
2.069339313
2.069177485
2.072090388
2.070957592
2.067721034
2.070472109
2.070148453
2.069824797
2.071928560
2.068206517
2.068692001
2.070795764
2.066426410
2.066426410
2.063189852
2.063837163
2.061247917
2.062542540
2.063513508
2.058335014
2.061247917
2.059629637
2.059629637
2.059629637
2.061895228
2.061409744
2.064969959
2.065293615
2.068853829
2.069015657
2.067721034
2.068044690
2.066750066
2.064808131
2.063189852
2.065455443
2.063351680
2.061571572
2.059467809
2.059305981
2.057687702
2.060762433
2.061571572
2.063028024
2.063189852
2.063998991
2.063837163
2.066911894
2.068530173
2.066750066
2.068692001
2.069015657
2.068206517
2.065617271
2.067073722
2.060924261
2.059953293
2.056716735
2.056878563
2.053480176
2.055422111
2.056231251
2.058658670
2.058173186
2.059629637
2.063351680
2.067721034
2.069662969
2.072575872
2.073708667
2.071119420
2.070633936
2.069986625
2.068368345
2.067721034
2.067882862
2.064322647
2.064322647
2.063675335
2.061895228
2.062218884
2.060438777
2.059791465
2.061733400
2.063675335
2.063351680
2.066102754
2.065455443
2.068206517
2.066264582
2.067559206
2.070310281
2.068530173
2.069501141
2.067073722
2.066264582
2.065940926
2.063351680
2.062704368
2.060924261
2.063675335
2.060924261
2.061733400
2.061895228
2.060924261
2.066588238
2.060924261
2.064808131
2.066264582
2.067559206
2.065940926
2.067235550
2.066588238
2.065779099
2.064322647
2.065779099
2.065617271
2.063675335
2.064646303
2.064322647
2.063513508
2.063189852
2.060600605
2.058982326
2.060115121
2.058173186
2.059629637
2.058658670
2.061247917
2.062542540
2.062218884
2.065131787
2.065940926
2.069177485
2.069824797
2.071443076
2.066911894
2.067397378
2.066750066
2.065455443
2.062866196
2.063189852
2.062380712
2.061733400
2.060600605
2.063675335
2.061895228
2.060438777
2.060762433
2.062057056
2.061733400
2.062218884
2.063837163
2.063675335
2.064322647
2.062542540
2.062542540
2.063675335
2.066911894
2.067882862
2.065940926
2.067721034
2.065779099
2.064484475
2.062704368
2.063998991
2.064969959
2.065131787
2.066102754
2.066264582
2.064160819
2.067073722
2.062218884
2.062380712
2.061733400
2.061895228
2.061571572
2.062218884
2.063998991
2.062542540
2.065779099
2.064322647
2.067073722
2.067073722
2.070148453
2.073385011
2.071766732
2.070957592
2.070148453
2.067882862
2.066588238
2.064808131
2.061409744
2.058658670
2.057849530
2.056069423
2.057364046
2.056554907
2.059305981
2.062542540
2.066426410
2.068206517
2.065617271
2.066911894
2.067073722
2.066264582
2.063837163
2.066426410
2.065131787
2.064322647
2.064484475
2.062866196
2.063028024
2.061733400
2.060600605
2.059791465
2.059791465
2.060924261
2.061571572
2.061086089
2.059629637
2.062218884
2.060762433
2.063837163
2.064484475
2.066264582
2.066750066
2.068692001
2.066750066
2.066264582
2.063028024
2.059629637
2.060276949
2.063189852
2.061409744
2.060438777
2.059953293
2.059467809
2.059953293
2.062380712
2.061895228
2.065617271
2.065940926
2.066102754
2.066911894
2.066750066
2.068692001
2.067235550
2.066750066
2.067559206
2.067073722
2.066588238
2.070957592
2.068368345
2.065293615
2.065131787
2.061895228
2.063028024
2.063513508
2.062057056
2.059144153
2.061247917
2.062380712
2.063028024
2.064969959
2.066102754
2.069824797
2.068206517
2.069662969
2.067397378
2.068368345
2.065455443
2.065455443
2.065293615
2.065617271
2.064484475
2.062866196
2.064969959
2.065455443
2.064808131
2.066911894
2.066911894
2.065131787
2.066911894
2.066750066
2.064969959
2.068206517
2.067397378
2.065131787
2.064160819
2.065131787
2.065940926
2.064160819
2.063351680
2.065455443
2.062866196
2.062542540
2.059791465
2.058173186
2.062866196
2.061895228
2.061409744
2.061247917
2.061895228
2.062218884
2.063513508
2.063513508
2.065131787
2.068044690
2.065293615
2.068692001
2.066911894
2.067073722
2.062704368
2.064484475
2.063513508
2.062542540
2.061733400
2.062542540
2.063837163
2.064160819
2.061895228
2.061409744
2.066426410
2.066750066
2.066911894
2.063513508
2.067073722
2.065779099
2.064646303
2.064322647
2.063837163
2.062866196
2.063351680
2.062057056
2.066750066
2.065779099
2.064484475
2.064646303
2.065455443
2.062866196
2.066102754
2.066588238
2.063837163
2.064484475
2.066264582
2.064808131
2.062542540
2.065131787
2.063675335
2.063998991
2.063675335
2.062704368
2.062380712
2.062542540
2.061086089
2.062057056
2.063837163
2.068206517
2.069339313
2.066911894
2.069986625
2.071119420
2.072090388
2.070633936
2.069015657
2.068692001
2.068692001
2.066588238
2.064969959
2.060276949
2.061895228
2.057040390
2.057364046
2.058820498
2.053642004
2.056878563
2.059305981
2.061571572
2.060600605
2.062866196
2.066102754
2.067559206
2.068692001
2.069986625
2.072252216
2.069986625
2.070472109
2.067235550
2.067559206
2.065293615
2.065779099
2.064808131
2.063675335
2.062380712
2.058658670
2.060924261
2.056393079
2.059629637
2.060276949
2.060762433
2.064322647
2.066102754
2.068853829
2.069662969
2.069015657
2.066264582
2.068530173
2.069986625
2.067235550
2.065779099
2.066264582
2.061895228
2.064322647
2.059467809
2.060276949
2.060762433
2.059953293
2.062218884
2.060115121
2.065940926
2.062057056
2.062866196
2.064322647
2.066588238
2.072414044
2.070633936
2.075326947
2.072090388
2.075812430
2.069824797
2.067235550
2.067721034
2.065455443
2.066426410
2.063513508
2.061733400
2.062057056
2.057364046
2.057202218
2.056393079
2.060276949
2.062218884
2.060276949
2.064484475
2.061895228
2.062542540
2.066426410
2.064484475
2.067235550
2.067882862
2.064808131
2.064808131
2.063837163
2.063189852
2.058011358
2.059791465
2.059953293
2.063513508
2.064646303
2.063998991
2.067073722
2.067073722
2.066102754
2.065293615
2.065293615
2.065455443
2.066588238
2.067235550
2.066911894
2.064969959
2.067397378
2.065293615
2.065779099
2.066911894
2.066102754
2.065455443
2.067882862
2.064160819
2.067073722
2.063513508
2.062218884
2.063513508
2.065940926
2.067559206
2.067397378
2.068692001
2.068368345
2.067397378
2.062866196
2.061571572
2.063351680
2.062057056
2.062218884
2.062057056
2.062380712
2.062218884
2.062542540
2.063351680
2.063189852
2.066911894
2.066911894
2.067235550
2.070472109
2.066750066
2.064969959
2.064484475
2.066588238
2.064484475
2.065455443
2.066102754
2.063351680
2.067721034
2.066750066
2.065293615
2.065779099
2.066102754
2.065293615
2.063675335
2.062218884
2.058982326
2.063513508
2.059144153
2.059791465
2.062380712
2.063351680
2.065940926
2.064160819
2.065131787
2.071281248
2.067559206
2.065779099
2.065131787
2.063351680
2.064322647
2.063675335
2.065779099
2.063513508
2.062866196
2.060924261
2.062380712
2.064646303
2.065293615
2.065779099
2.061733400
2.069015657
2.067073722
2.069339313
2.068853829
2.067559206
2.067235550
2.069501141
2.068206517
2.070633936
2.069177485
2.069339313
2.065455443
2.065779099
2.068368345
2.068206517
2.067559206
2.071119420
2.069824797
2.070472109
2.072575872
2.074032323
2.074355979
2.073385011
2.075165119
2.072737700
2.071766732
2.069177485
2.065779099
2.063837163
2.064322647
2.061733400
2.063998991
2.065455443
2.064969959
2.066911894
2.069015657
2.065940926
2.067882862
2.067073722
2.066588238
2.068530173
2.067073722
2.066102754
2.066588238
2.063513508
2.063351680
2.063837163
2.064484475
2.062380712
2.064646303
2.061895228
2.062704368
2.062542540
2.061409744
2.060762433
2.063837163
2.058658670
2.059629637
2.060438777
2.059629637
2.059629637
2.061409744
2.062380712
2.064808131
2.063189852
2.063675335
2.062866196
2.061409744
2.061733400
2.060115121
2.061247917
2.061409744
2.061086089
2.061571572
2.060924261
2.059144153
2.059629637
2.062057056
2.062057056
2.063351680
2.063351680
2.064484475
2.065617271
2.067882862
2.067235550
2.065940926
2.065940926
2.067559206
2.068206517
2.070148453
2.067397378
2.068206517
2.066750066
2.068368345
2.066426410
2.065455443
2.069662969
2.069015657
2.069015657
2.069177485
2.068530173
2.069015657
2.069015657
2.066426410
2.069339313
2.069824797
2.069824797
2.070795764
2.067073722
2.069501141
2.067559206
2.066102754
2.067397378
2.066264582
2.066264582
2.067073722
2.067397378
2.064160819
2.063513508
2.062218884
2.061571572
2.063837163
2.061733400
2.059629637
2.059953293
2.056069423
2.056393079
2.054127488
2.056069423
2.056878563
2.056231251
2.058658670
2.059629637
2.063189852
2.064808131
2.064969959
2.065940926
2.066102754
2.066264582
2.066426410
2.065779099
2.061409744
2.059305981
2.057849530
2.055583939
2.056554907
2.056069423
2.055583939
2.056554907
2.059144153
2.059629637
2.062380712
2.064969959
2.067721034
2.070633936
2.070472109
2.071443076
2.072414044
2.073546839
2.069824797
2.070633936
2.068853829
2.068044690
2.067882862
2.064969959
2.062704368
2.061571572
2.064808131
2.060276949
2.063998991
2.062057056
2.066264582
2.068368345
2.069824797
2.072414044
2.072737700
2.071281248
2.070957592
2.069501141
2.070310281
2.069662969
2.071604904
2.071281248
2.068853829
2.067073722
2.066588238
2.064808131
2.066264582
2.066102754
2.065293615
2.068692001
2.065617271
2.063028024
2.065455443
2.065455443
2.064322647
2.063028024
2.063189852
2.064322647
2.063675335
2.068692001
2.063998991
2.066911894
2.065779099
2.066426410
2.064160819
2.063675335
2.061086089
2.057687702
2.055260283
2.053965660
2.053156520
2.053965660
2.056231251
2.058011358
2.059467809
2.061247917
2.062866196
2.067559206
2.068692001
2.067721034
2.073061355
2.071604904
2.070148453
2.068530173
2.069177485
2.063998991
2.063513508
2.060924261
2.061895228
2.061895228
2.057849530
2.061086089
2.057364046
2.061409744
2.060924261
2.062057056
2.064969959
2.069824797
2.072899528
2.069986625
2.070148453
2.073708667
2.070957592
2.069177485
2.067882862
2.069015657
2.066102754
2.065455443
2.066102754
2.064646303
2.064160819
2.061895228
2.066102754
2.066426410
2.067559206
2.067721034
2.068692001
2.069662969
2.069662969
2.070310281
2.069339313
2.069501141
2.071443076
2.069501141
2.069177485
2.064322647
2.066750066
2.063675335
2.060762433
2.058982326
2.061409744
2.062704368
2.061086089
2.062866196
2.063351680
2.063513508
2.061895228
2.063028024
2.062057056
2.061247917
2.062218884
2.063675335
2.062380712
2.061571572
2.061895228
2.064160819
2.064646303
2.066911894
2.064646303
2.064969959
2.064969959
2.060600605
2.064646303
2.059467809
2.055422111
2.057687702
2.059629637
2.058335014
2.059629637
2.058335014
2.060762433
2.061247917
2.065131787
2.064969959
2.065779099
2.068692001
2.066911894
2.069662969
2.069339313
2.068206517
2.063998991
2.063675335
2.063837163
2.060762433
2.059791465
2.061086089
2.063189852
2.061895228
2.060115121
2.062542540
2.065455443
2.067559206
2.066911894
2.069015657
2.070310281
2.068530173
2.069177485
2.067721034
2.069824797
2.069986625
2.070633936
2.070957592
2.069501141
2.070795764
2.065293615
2.067073722
2.066102754
2.064969959
2.064646303
2.064969959
2.063513508
2.063351680
2.062542540
2.062218884
2.060438777
2.060600605
2.063189852
2.066102754
2.064160819
2.063837163
2.063189852
2.063513508
2.063837163
2.066102754
2.068853829
2.066264582
2.065940926
2.065131787
2.062218884
2.063998991
2.058658670
2.058820498
2.057364046
2.056716735
2.056069423
2.057849530
2.057525874
2.061571572
2.059791465
2.061409744
2.063351680
2.067559206
2.067073722
2.065293615
2.064160819
2.064484475
2.063998991
2.062704368
2.061409744
2.061247917
2.060924261
2.061571572
2.062542540
2.060115121
2.065779099
2.065293615
2.067559206
2.068530173
2.068692001
2.068692001
2.067397378
2.069824797
2.070310281
2.069339313
2.069015657
2.068206517
2.067073722
2.066588238
2.064646303
2.065779099
2.064322647
2.064484475
2.066750066
2.068530173
2.068206517
2.070795764
2.070633936
2.072090388
2.070795764
2.066588238
2.067235550
2.068530173
2.068044690
2.070148453
2.066750066
2.063675335
2.063513508
2.063351680
2.062218884
2.061733400
2.062380712
2.063028024
2.063028024
2.062218884
2.061733400
2.060438777
2.059791465
2.061409744
2.062866196
2.063189852
2.062542540
2.066102754
2.063837163
2.063351680
2.061895228
2.060600605
2.061247917
2.060924261
2.063513508
2.063513508
2.061733400
2.059953293
2.063837163
2.059467809
2.059791465
2.062542540
2.059467809
2.062057056
2.062218884
2.064160819
2.062704368
2.067235550
2.066588238
2.068530173
2.072899528
2.072899528
2.069986625
2.072575872
2.067559206
2.068044690
2.063837163
2.063189852
2.061895228
2.060600605
2.057525874
2.059305981
2.059791465
2.060600605
2.062542540
2.065455443
2.067882862
2.070310281
2.072414044
2.069501141
2.069501141
2.066750066
2.069015657
2.069662969
2.067235550
2.068368345
2.068044690
2.065940926
2.063351680
2.063028024
2.064808131
2.060762433
2.061086089
2.063189852
2.063998991
2.065455443
2.064808131
2.070472109
2.067721034
2.067721034
2.069501141
2.069015657
2.066102754
2.066426410
2.063028024
2.061895228
2.060276949
2.056393079
2.055907595
2.056878563
2.057849530
2.058820498
2.059953293
2.060115121
2.060600605
2.060115121
2.061086089
2.062542540
2.062866196
2.064322647
2.064808131
2.065617271
2.066264582
2.067721034
2.063189852
2.067235550
2.066426410
2.065617271
2.065617271
2.062542540
2.062542540
2.058496842
2.060115121
2.061086089
2.062057056
2.063513508
2.064646303
2.065617271
2.067397378
2.071119420
2.068853829
2.067721034
2.071119420
2.069986625
2.069662969
2.070148453
2.069177485
2.068530173
2.065617271
2.063351680
2.066588238
2.063189852
2.063189852
2.061086089
2.060276949
2.060438777
2.060924261
2.063351680
2.063028024
2.067235550
2.069339313
2.069662969
2.073061355
2.075650602
2.075003291
2.075488774
2.073223183
2.072575872
2.068853829
2.067073722
2.063513508
2.060276949
2.057687702
2.056069423
2.054774800
2.054451144
2.056231251
2.059629637
2.058335014
2.062704368
2.063351680
2.065779099
2.064808131
2.066426410
2.068044690
2.067721034
2.068853829
2.068530173
2.065293615
2.064808131
2.061733400
2.060600605
2.059144153
2.058335014
2.058496842
2.056554907
2.060924261
2.061086089
2.062542540
2.063675335
2.061409744
2.063513508
2.065131787
2.064969959
2.067559206
2.067073722
2.067559206
2.068530173
2.068853829
2.068206517
2.066426410
2.068530173
2.066911894
2.064160819
2.061733400
2.062218884
2.060762433
2.061895228
2.061571572
2.061409744
2.062057056
2.062218884
2.063837163
2.061571572
2.064160819
2.064969959
2.066102754
2.069339313
2.067721034
2.066750066
2.068853829
2.067397378
2.068853829
2.068206517
2.069986625
2.068853829
2.068044690
2.069339313
2.066911894
2.065940926
2.063837163
2.060276949
2.063189852
2.063513508
2.064646303
2.064484475
2.064969959
2.067073722
2.067397378
2.066426410
2.067721034
2.069339313
2.065940926
2.066750066
2.064322647
2.063351680
2.061571572
2.063351680
2.059953293
2.060276949
2.061895228
2.061409744
2.059953293
2.061571572
2.061086089
2.060438777
2.058496842
2.059629637
2.063351680
2.065131787
2.065131787
2.064322647
2.065940926
2.066911894
2.066264582
2.067073722
2.067559206
2.068206517
2.069339313
2.066264582
2.067721034
2.064160819
2.064646303
2.063837163
2.065617271
2.067882862
2.063837163
2.062704368
2.065779099
2.061895228
2.061247917
2.059305981
2.061247917
2.061571572
2.060924261
2.062704368
2.063351680
2.063998991
2.064808131
2.061895228
2.065293615
2.066750066
2.065617271
2.066264582
2.063189852
2.064484475
2.064969959
2.065779099
2.065940926
2.064322647
2.065779099
2.064646303
2.067721034
2.065617271
2.065131787
2.067073722
2.064969959
2.069015657
2.070472109
2.070633936
2.068368345
2.069662969
2.067882862
2.067559206
2.067073722
2.065455443
2.066750066
2.068044690
2.065293615
2.065293615
2.061733400
2.065131787
2.063028024
2.062380712
2.063675335
2.064160819
2.064322647
2.063675335
2.067073722
2.066102754
2.065940926
2.067235550
2.065940926
2.068206517
2.066588238
2.065940926
2.065455443
2.064322647
2.062057056
2.058658670
2.059629637
2.061409744
2.061571572
2.058820498
2.063189852
2.062704368
2.062218884
2.063189852
2.062542540
2.064484475
2.063513508
2.063998991
2.063028024
2.063837163
2.061409744
2.061247917
2.062218884
2.065131787
2.063998991
2.064322647
2.063513508
2.063028024
2.065779099
2.063675335
2.060762433
2.061571572
2.062704368
2.064969959
2.063998991
2.063513508
2.066426410
2.065940926
2.066426410
2.067073722
2.068692001
2.068530173
2.067721034
2.066426410
2.063998991
2.062380712
2.060438777
2.059467809
2.063351680
2.063998991
2.066588238
2.067073722
2.069177485
2.067559206
2.068853829
2.066102754
2.064808131
2.065293615
2.064808131
2.065131787
2.066264582
2.067397378
2.067397378
2.068206517
2.069339313
2.069986625
2.069986625
2.069015657
2.066911894
2.065131787
2.065131787
2.061571572
2.061733400
2.064160819
2.064160819
2.063675335
2.064808131
2.064969959
2.065293615
2.064969959
2.063837163
2.063351680
2.062380712
2.061247917
2.062704368
2.059629637
2.060276949
2.061086089
2.061733400
2.063513508
2.066426410
2.067559206
2.067073722
2.067073722
2.065131787
2.064484475
2.066426410
2.060762433
2.063513508
2.061895228
2.061733400
2.063513508
2.059953293
2.060600605
2.062542540
2.058496842
2.057849530
2.058496842
2.061733400
2.061247917
2.062380712
2.061247917
2.062542540
2.064808131
2.063837163
2.066911894
2.066264582
2.067073722
2.068044690
2.067073722
2.066426410
2.063513508
2.062866196
2.062866196
2.063189852
2.061571572
2.062866196
2.060924261
2.063028024
2.063028024
2.063837163
2.064969959
2.067235550
2.070795764
2.070310281
2.071443076
2.069339313
2.070310281
2.070310281
2.066911894
2.066911894
2.068368345
2.064646303
2.067559206
2.064808131
2.062542540
2.060924261
2.057364046
2.059629637
2.062057056
2.060924261
2.064160819
2.062704368
2.066588238
2.067397378
2.064646303
2.065779099
2.067559206
2.068530173
2.068368345
2.067882862
2.066588238
2.064646303
2.061409744
2.062866196
2.063513508
2.060924261
2.057040390
2.062057056
2.059144153
2.059144153
2.058011358
2.058496842
2.063513508
2.065455443
2.066264582
2.066750066
2.068206517
2.068044690
2.070957592
2.066911894
2.065131787
2.062704368
2.065293615
2.063837163
2.063189852
2.062057056
2.060276949
2.061247917
2.061086089
2.060762433
2.062380712
2.061571572
2.063675335
2.062866196
2.061895228
2.064160819
2.066264582
2.065293615
2.069177485
2.066426410
2.066911894
2.069339313
2.069339313
2.067721034
2.062866196
2.063189852
2.063837163
2.064484475
2.061247917
2.060924261
2.065131787
2.063189852
2.065617271
2.064646303
2.067073722
2.068692001
2.068692001
2.066588238
2.064808131
2.065617271
2.062218884
2.061247917
2.063837163
2.063675335
2.066911894
2.066426410
2.067073722
2.064969959
2.066102754
2.065455443
2.064969959
2.064160819
2.066264582
2.065455443
2.063837163
2.063513508
2.062218884
2.063189852
2.065617271
2.065617271
2.063189852
2.066264582
2.067559206
2.065779099
2.065293615
2.065131787
2.060600605
2.060600605
2.064322647
2.063351680
2.063675335
2.064969959
2.063351680
2.067882862
2.064969959
2.065131787
2.064322647
2.063837163
2.065293615
2.066264582
2.066588238
2.064484475
2.063189852
2.062218884
2.063351680
2.066426410
2.065940926
2.066588238
2.064646303
2.062380712
2.064646303
2.062704368
2.065131787
2.065455443
2.065131787
2.068044690
2.068206517
2.065293615
2.066426410
2.067397378
2.065131787
2.064646303
2.064160819
2.063675335
2.063028024
2.062380712
2.060762433
2.062218884
2.061895228
2.064808131
2.066264582
2.065617271
2.067559206
2.065779099
2.064160819
2.062866196
2.062380712
2.064322647
2.062542540
2.061733400
2.063351680
2.061895228
2.062380712
2.061895228
2.059629637
2.062057056
2.060600605
2.060276949
2.059629637
2.061247917
2.061247917
2.063351680
2.064160819
2.066102754
2.067559206
2.070957592
2.071604904
2.071119420
2.070148453
2.066750066
2.063998991
2.060438777
2.058820498
2.058658670
2.056716735
2.057202218
2.057525874
2.058658670
2.059144153
2.059629637
2.062057056
2.063351680
2.066264582
2.066102754
2.063837163
2.064808131
2.067073722
2.063513508
2.063837163
2.065940926
2.068044690
2.066426410
2.069339313
2.065455443
2.064646303
2.064160819
2.058820498
2.059629637
2.063513508
2.061247917
2.060762433
2.064646303
2.068206517
2.068692001
2.069501141
2.070148453
2.072899528
2.072090388
2.072737700
2.069339313
2.069015657
2.067235550
2.065779099
2.062704368
2.063189852
2.064646303
2.064808131
2.064322647
2.063351680
2.062380712
2.062542540
2.058982326
2.061247917
2.062380712
2.060924261
2.060438777
2.062542540
2.064322647
2.066911894
2.064484475
2.066102754
2.066264582
2.068044690
2.066426410
2.065940926
2.062866196
2.059629637
2.059467809
2.057687702
2.056554907
2.056716735
2.060762433
2.060600605
2.061086089
2.065940926
2.061409744
2.059305981
2.059629637
2.060762433
2.061247917
2.060924261
2.059791465
2.066102754
2.063351680
2.060438777
2.062218884
2.062542540
2.062057056
2.063675335
2.062057056
2.063028024
2.063837163
2.062057056
2.061086089
2.060600605
2.062704368
2.061409744
2.063675335
2.064808131
2.066426410
2.066102754
2.063028024
2.066426410
2.066750066
2.067235550
2.066588238
2.066102754
2.066750066
2.067882862
2.069177485
2.068530173
2.069986625
2.071604904
2.070633936
2.067235550
2.067073722
2.066426410
2.062542540
2.061247917
2.061247917
2.062704368
2.060762433
2.061571572
2.063513508
2.059791465
2.061895228
2.063351680
2.064808131
2.068044690
2.067721034
2.069339313
2.068044690
2.069662969
2.067073722
2.062704368
2.063513508
2.063513508
2.063675335
2.061895228
2.059467809
2.061895228
2.060438777
2.059629637
2.060276949
2.061571572
2.066750066
2.063189852
2.062866196
2.064969959
2.064484475
2.065131787
2.063675335
2.064484475
2.064322647
2.064808131
2.064969959
2.063028024
2.060600605
2.062057056
2.054936627
2.055745767
2.056716735
2.058820498
2.058173186
2.056878563
2.059953293
2.059791465
2.061571572
2.061571572
2.065131787
2.064484475
2.070310281
2.069662969
2.069824797
2.069339313
2.067397378
2.064969959
2.065940926
2.065617271
2.063675335
2.063837163
2.061086089
2.063998991
2.063513508
2.060924261
2.063028024
2.065131787
2.065131787
2.064484475
2.066911894
2.066102754
2.069339313
2.069986625
2.069015657
2.070633936
2.072414044
2.069015657
2.068206517
2.068368345
2.064646303
2.063028024
2.061409744
2.060924261
2.062542540
2.060276949
2.060600605
2.059791465
2.060762433
2.061409744
2.062542540
2.063189852
2.066911894
2.071443076
2.072737700
2.071766732
2.072737700
2.070795764
2.072575872
2.070633936
2.070148453
2.066750066
2.064808131
2.064969959
2.061571572
2.057040390
2.055745767
2.056231251
2.058335014
2.058011358
2.056878563
2.062218884
2.063998991
2.065131787
2.066426410
2.065617271
2.066911894
2.069662969
2.069177485
2.068692001
2.068206517
2.066588238
2.064322647
2.060762433
2.058335014
2.059791465
2.059467809
2.058335014
2.060600605
2.057364046
2.055260283
2.057849530
2.060276949
2.060924261
2.062542540
2.064646303
2.067073722
2.068530173
2.069015657
2.070633936
2.070472109
2.073223183
2.072090388
2.071119420
2.070472109
2.068044690
2.066102754
2.063675335
2.060924261
2.060438777
2.060924261
2.060115121
2.059629637
2.061086089
2.061733400
2.060438777
2.062542540
2.063675335
2.067882862
2.069015657
2.069986625
2.070633936
2.071443076
2.072737700
2.071281248
2.071443076
2.069824797
2.068368345
2.068044690
2.067073722
2.065131787
2.064808131
2.062218884
2.062542540
2.059791465
2.060115121
2.061247917
2.063028024
2.062057056
2.064646303
2.062057056
2.064808131
2.066102754
2.067235550
2.070633936
2.068368345
2.068692001
2.065617271
2.064484475
2.062218884
2.062057056
2.061895228
2.062866196
2.059953293
2.061247917
2.063028024
2.063675335
2.062057056
2.059791465
2.061895228
2.062380712
2.066102754
2.065293615
2.066911894
2.066426410
2.067882862
2.066750066
2.065940926
2.064808131
2.067559206
2.066102754
2.064969959
2.064969959
2.064160819
2.062218884
2.058982326
2.059144153
2.060924261
2.060438777
2.061571572
2.062866196
2.061571572
2.063351680
2.064969959
2.065293615
2.066102754
2.066750066
2.068044690
2.067073722
2.065940926
2.065455443
2.065131787
2.062542540
2.063837163
2.065779099
2.062704368
2.062866196
2.063837163
2.063513508
2.061733400
2.060438777
2.060924261
2.062542540
2.064808131
2.064808131
2.066102754
2.065455443
2.064160819
2.066102754
2.069501141
2.068368345
2.070472109
2.067559206
2.068044690
2.065131787
2.062218884
2.061571572
2.060600605
2.062218884
2.064646303
2.063028024
2.064808131
2.067721034
2.067235550
2.069339313
2.068853829
2.069339313
2.069501141
2.068530173
2.067559206
2.067235550
2.067559206
2.067397378
2.065617271
2.064646303
2.065455443
2.067073722
2.066911894
2.063837163
2.062704368
2.062057056
2.063189852
2.062542540
2.064322647
2.064646303
2.068044690
2.070472109
2.069824797
2.072414044
2.072737700
2.068692001
2.068530173
2.069339313
2.066102754
2.064808131
2.064484475
2.061571572
2.060438777
2.061733400
2.060115121
2.063675335
2.065455443
2.063837163
2.064969959
2.068044690
2.066911894
2.069339313
2.064322647
2.067397378
2.068206517
2.067073722
2.067073722
2.069177485
2.068530173
2.066750066
2.065455443
2.063189852
2.060438777
2.061733400
2.059629637
2.058335014
2.058011358
2.059791465
2.058173186
2.060924261
2.063675335
2.065779099
2.066750066
2.066264582
2.067882862
2.068368345
2.066911894
2.064646303
2.066750066
2.063837163
2.061086089
2.062380712
2.061409744
2.059467809
2.063513508
2.060762433
2.062866196
2.066426410
2.065940926
2.069177485
2.070472109
2.071604904
2.071119420
2.069501141
2.069824797
2.071281248
2.072737700
2.072737700
2.073223183
2.069501141
2.064322647
2.062866196
2.060115121
2.057687702
2.058173186
2.058173186
2.058173186
2.058658670
2.059791465
2.063513508
2.064484475
2.065940926
2.070310281
2.073870495
2.075974258
2.076621570
2.075326947
2.075974258
2.072575872
2.069986625
2.068853829
2.066264582
2.062218884
2.063675335
2.056878563
2.057040390
2.055745767
2.056069423
2.058335014
2.059791465
2.060438777
2.064160819
2.065131787
2.066264582
2.066750066
2.068692001
2.070633936
2.072575872
2.072252216
2.071119420
2.068206517
2.066426410
2.061895228
2.058820498
2.056069423
2.055583939
2.053965660
2.053156520
2.053803832
2.055260283
2.055422111
2.059953293
2.060762433
2.064808131
2.068044690
2.069662969
2.070795764
2.071766732
2.071443076
2.070310281
2.069824797
2.068853829
2.068368345
2.068853829
2.067073722
2.064969959
2.063998991
2.059467809
2.060924261
2.057202218
2.056716735
2.056716735
2.055583939
2.057202218
2.062218884
2.065617271
2.066102754
2.069015657
2.072899528
2.072737700
2.074517807
2.073223183
2.072090388
2.071281248
2.068044690
2.063998991
2.063513508
2.061409744
2.062057056
2.061247917
2.061086089
2.060115121
2.058658670
2.060115121
2.060276949
2.064808131
2.066911894
2.065779099
2.068368345
2.070148453
2.072575872
2.073061355
2.074194151
2.076136086
2.073708667
2.074032323
2.073223183
2.066911894
2.064808131
2.061086089
2.057525874
2.054289316
2.055745767
2.056716735
2.058335014
2.057202218
2.062057056
2.062380712
2.064160819
2.064969959
2.067559206
2.068044690
2.066750066
2.067721034
2.065455443
2.065131787
2.065455443
2.064646303
2.064484475
2.065131787
2.065617271
2.064484475
2.063675335
2.061571572
2.063513508
2.058335014
2.057849530
2.060438777
2.058658670
2.059953293
2.059791465
2.059305981
2.058496842
2.059629637
2.064484475
2.065455443
2.063028024
2.062704368
2.066102754
2.065779099
2.065940926
2.063189852
2.063675335
2.065131787
2.063837163
2.065131787
2.063513508
2.063513508
2.061895228
2.060115121
2.060600605
2.059305981
2.059629637
2.061086089
2.064808131
2.066426410
2.067882862
2.068044690
2.071119420
2.069662969
2.073870495
2.070633936
2.070310281
2.070148453
2.069662969
2.063837163
2.060276949
2.060600605
2.060115121
2.060762433
2.063837163
2.063028024
2.064322647
2.064808131
2.067397378
2.064484475
2.066426410
2.070957592
2.069339313
2.071766732
2.070310281
2.068692001
2.067721034
2.068368345
2.067073722
2.067397378
2.067397378
2.068044690
2.066264582
2.063028024
2.064322647
2.059791465
2.058658670
2.059629637
2.061086089
2.060924261
2.061247917
2.061247917
2.061086089
2.063837163
2.066588238
2.065617271
2.066426410
2.067559206
2.064484475
2.063675335
2.065293615
2.065131787
2.062866196
2.063513508
2.062218884
2.063837163
2.064808131
2.063189852
2.063513508
2.060600605
2.060762433
2.060600605
2.062218884
2.064646303
2.063351680
2.065131787
2.068206517
2.069986625
2.068044690
2.069339313
2.071928560
2.070633936
2.069177485
2.066588238
2.064160819
2.063998991
2.059629637
2.058820498
2.055907595
2.059467809
2.060924261
2.061247917
2.062542540
2.065131787
2.064484475
2.067559206
2.066750066
2.069339313
2.067721034
2.070633936
2.066264582
2.065455443
2.064322647
2.063675335
2.062380712
2.061409744
2.063028024
2.061733400
2.066102754
2.062380712
2.064160819
2.062218884
2.062380712
2.064646303
2.065131787
2.066264582
2.065455443
2.067397378
2.068044690
2.067073722
2.068044690
2.066750066
2.068368345
2.065131787
2.064484475
2.064160819
2.063837163
2.062542540
2.064646303
2.060924261
2.061247917
2.063675335
2.064808131
2.066426410
2.064969959
2.063513508
2.064646303
2.063351680
2.064484475
2.065293615
2.066102754
2.065131787
2.066911894
2.067235550
2.068853829
2.068206517
2.065940926
2.067397378
2.067882862
2.065293615
2.066750066
2.065940926
2.063351680
2.063351680
2.060762433
2.060438777
2.064646303
2.065293615
2.063675335
2.065940926
2.065131787
2.066102754
2.064646303
2.063675335
2.063351680
2.064646303
2.062866196
2.060600605
2.060115121
2.060115121
2.059953293
2.059467809
2.061895228
2.062866196
2.063998991
2.064808131
2.062542540
2.064160819
2.064808131
2.066750066
2.067397378
2.070148453
2.070310281
2.070310281
2.069339313
2.067559206
2.066750066
2.065455443
2.060762433
2.060438777
2.055583939
2.056878563
2.058173186
2.058173186
2.060762433
2.064646303
2.063351680
2.066264582
2.069501141
2.070310281
2.067721034
2.068044690
2.064969959
2.061571572
2.060276949
2.059467809
2.060600605
2.062057056
2.063351680
2.064969959
2.065131787
2.067721034
2.068206517
2.068530173
2.068206517
2.070310281
2.068692001
2.067073722
2.064808131
2.065131787
2.068044690
2.067721034
2.068206517
2.070795764
2.068692001
2.068530173
2.067882862
2.068044690
2.065131787
2.062704368
2.058982326
2.059144153
2.059144153
2.060276949
2.060600605
2.061086089
2.062866196
2.063189852
2.063189852
2.066750066
2.065455443
2.065617271
2.065131787
2.065293615
2.061895228
2.058982326
2.059467809
2.061086089
2.062380712
2.063189852
2.063513508
2.064322647
2.067073722
2.066264582
2.062704368
2.062380712
2.065779099
2.060924261
2.062542540
2.061409744
2.062866196
2.062542540
2.064484475
2.069177485
2.067073722
2.067721034
2.069501141
2.069824797
2.067397378
2.065293615
2.063513508
2.061247917
2.059305981
2.058335014
2.058820498
2.063189852
2.065131787
2.066264582
2.066426410
2.064160819
2.066264582
2.068206517
2.070795764
2.067073722
2.065617271
2.066102754
2.062542540
2.060276949
2.061571572
2.063189852
2.062704368
2.065131787
2.067397378
2.066750066
2.068044690
2.068530173
2.067721034
2.068692001
2.068692001
2.067073722
2.067559206
2.067559206
2.066750066
2.065131787
2.062866196
2.063189852
2.063837163
2.063189852
2.064160819
2.064969959
2.064484475
2.065455443
2.063675335
2.064160819
2.065617271
2.066426410
2.065779099
2.066426410
2.065779099
2.063837163
2.065293615
2.062380712
2.064808131
2.066264582
2.064160819
2.060762433
2.061733400
2.061733400
2.061247917
2.061895228
2.063998991
2.065293615
2.066750066
2.065779099
2.065455443
2.064322647
2.066102754
2.062866196
2.061733400
2.061571572
2.060762433
2.064484475
2.063675335
2.062218884
2.061571572
2.061247917
2.061247917
2.062218884
2.065779099
2.067721034
2.068206517
2.069986625
2.069501141
2.069501141
2.067073722
2.067073722
2.066750066
2.065455443
2.063513508
2.064808131
2.063998991
2.061571572
2.062542540
2.062057056
2.062542540
2.063189852
2.063351680
2.064808131
2.063675335
2.064808131
2.065940926
2.065455443
2.066588238
2.067073722
2.066264582
2.069339313
2.067559206
2.065940926
2.065940926
2.065455443
2.065131787
2.064808131
2.064160819
2.063189852
2.061086089
2.060924261
2.060600605
2.059791465
2.058335014
2.059791465
2.063837163
2.064160819
2.066102754
2.067559206
2.069015657
2.070148453
2.068206517
2.067559206
2.069986625
2.067721034
2.067235550
2.065940926
2.065940926
2.062380712
2.060762433
2.059467809
2.059629637
2.060276949
2.062704368
2.063675335
2.064808131
2.065779099
2.066426410
2.067721034
2.069986625
2.070148453
2.069824797
2.070795764
2.070957592
2.068206517
2.067882862
2.064322647
2.065617271
2.062542540
2.061247917
2.058335014
2.057364046
2.057849530
2.056231251
2.057687702
2.059953293
2.061086089
2.064322647
2.068206517
2.069662969
2.069986625
2.069662969
2.069339313
2.069501141
2.072414044
2.068206517
2.066750066
2.064808131
2.065779099
2.061733400
2.059467809
2.059791465
2.060924261
2.060924261
2.061409744
2.061733400
2.065131787
2.064969959
2.069824797
2.066102754
2.069339313
2.067073722
2.067397378
2.067559206
2.067721034
2.065779099
2.064322647
2.066426410
2.064646303
2.065455443
2.064969959
2.067397378
2.064646303
2.062380712
2.060438777
2.062057056
2.057202218
2.055907595
2.058658670
2.060762433
2.061895228
2.064160819
2.065455443
2.065779099
2.065131787
2.069986625
2.069015657
2.068692001
2.068206517
2.068692001
2.065455443
2.065131787
2.061895228
2.060276949
2.062057056
2.060115121
2.060276949
2.062218884
2.061571572
2.063837163
2.062218884
2.063513508
2.065455443
2.063998991
2.067882862
2.065940926
2.066426410
2.068044690
2.069339313
2.067721034
2.067721034
2.066264582
2.065617271
2.065131787
2.061733400
2.061733400
2.063028024
2.062380712
2.063351680
2.064484475
2.064969959
2.068044690
2.069177485
2.068853829
2.066426410
2.066750066
2.064969959
2.066102754
2.063028024
2.063513508
2.064322647
2.061733400
2.065131787
2.064484475
2.063513508
2.066750066
2.068530173
2.067721034
2.068044690
2.065131787
2.065779099
2.065131787
2.061086089
2.061247917
2.062057056
2.061409744
2.061247917
2.061733400
2.062866196
2.060115121
2.060115121
2.059791465
2.062542540
2.062866196
2.062380712
2.063675335
2.062704368
2.063189852
2.065779099
2.066426410
2.067559206
2.066102754
2.066426410
2.064160819
2.066264582
2.063998991
2.062218884
2.059629637
2.059791465
2.057364046
2.060924261
2.061247917
2.064322647
2.062218884
2.063028024
2.065131787
2.064969959
2.067721034
2.067721034
2.066102754
2.065617271
2.066102754
2.065131787
2.065293615
2.064646303
2.066102754
2.067559206
2.069177485
2.068368345
2.066588238
2.067882862
2.065293615
2.064322647
2.063675335
2.064160819
2.065779099
2.065131787
2.067397378
2.068368345
2.066426410
2.069662969
2.067882862
2.071119420
2.069824797
2.069662969
2.067721034
2.066588238
2.065293615
2.062542540
2.061895228
2.062542540
2.062542540
2.063351680
2.062704368
2.063513508
2.061733400
2.061086089
2.059953293
2.063837163
2.062380712
2.063837163
2.063351680
2.067721034
2.064484475
2.066264582
2.065617271
2.065617271
2.065779099
2.065617271
2.064484475
2.064484475
2.058820498
2.058658670
2.058173186
2.055098455
2.057849530
2.057364046
2.061571572
2.062057056
2.066102754
2.064484475
2.065940926
2.065940926
2.064969959
2.067073722
2.064969959
2.063675335
2.064646303
2.063998991
2.064322647
2.066102754
2.063513508
2.068206517
2.069015657
2.066426410
2.063998991
2.064808131
2.065131787
2.062542540
2.059953293
2.062380712
2.064969959
2.064808131
2.066588238
2.067397378
2.068853829
2.066588238
2.066102754
2.068206517
2.067882862
2.066588238
2.065455443
2.068044690
2.064969959
2.065779099
2.063351680
2.064160819
2.064808131
2.064808131
2.068044690
2.064808131
2.063837163
2.062866196
2.063675335
2.063189852
2.064160819
2.064969959
2.068206517
2.066588238
2.069501141
2.069015657
2.068530173
2.069501141
2.068206517
2.065940926
2.066588238
2.065779099
2.063513508
2.062057056
2.063189852
2.063998991
2.063351680
2.063675335
2.066426410
2.063351680
2.066264582
2.065617271
2.064808131
2.062704368
2.062380712
2.058011358
2.059305981
2.062542540
2.061895228
2.062866196
2.061086089
2.064646303
2.063351680
2.062866196
2.062542540
2.063837163
2.062866196
2.064484475
2.064646303
2.063513508
2.062866196
2.062380712
2.063513508
2.068044690
2.066102754
2.068044690
2.066750066
2.065940926
2.066750066
2.064484475
2.063837163
2.065293615
2.066750066
2.064808131
2.065131787
2.066911894
2.064322647
2.063675335
2.064646303
2.068206517
2.064808131
2.063998991
2.061247917
2.063675335
2.059629637
2.061571572
2.061086089
2.063837163
2.065455443
2.066102754
2.070310281
2.070310281
2.068692001
2.068530173
2.066911894
2.065131787
2.068206517
2.065779099
2.063675335
2.065940926
2.064646303
2.062380712
2.062218884
2.065617271
2.063998991
2.063998991
2.067721034
2.063189852
2.062380712
2.062866196
2.059629637
2.058335014
2.061086089
2.063028024
2.063189852
2.064160819
2.064484475
2.066102754
2.067882862
2.064646303
2.066750066
2.066588238
2.064969959
2.063998991
2.063998991
2.063351680
2.062704368
2.062057056
2.064160819
2.063675335
2.065455443
2.064969959
2.065455443
2.064969959
2.065131787
2.060276949
2.060276949
2.063351680
2.063998991
2.062542540
2.063675335
2.063351680
2.063998991
2.064969959
2.063998991
2.063837163
2.064646303
2.065131787
2.065779099
2.063513508
2.063998991
2.062704368
2.060762433
2.063028024
2.063351680
2.064646303
2.065293615
2.064808131
2.064484475
2.064160819
2.063837163
2.063351680
2.063998991
2.064160819
2.064969959
2.065940926
2.063837163
2.065779099
2.063675335
2.066102754
2.069177485
2.068206517
2.071119420
2.068368345
2.066426410
2.066750066
2.063028024
2.060924261
2.061409744
2.059791465
2.060600605
2.061409744
2.061086089
2.064646303
2.063513508
2.065131787
2.066750066
2.068368345
2.069501141
2.070310281
2.068044690
2.069501141
2.067397378
2.067073722
2.060762433
2.062866196
2.063189852
2.064484475
2.061247917
2.059629637
2.058496842
2.058658670
2.058173186
2.060276949
2.061086089
2.064808131
2.064484475
2.068368345
2.068692001
2.067073722
2.072414044
2.068206517
2.070148453
2.071766732
2.069177485
2.068044690
2.063998991
2.062704368
2.059467809
2.058011358
2.058173186
2.060115121
2.058173186
2.059144153
2.059305981
2.059791465
2.063028024
2.064484475
2.064808131
2.067073722
2.067882862
2.068368345
2.070310281
2.067559206
2.064646303
2.065940926
2.065455443
2.064484475
2.064808131
2.064160819
2.064808131
2.064808131
2.062380712
2.058658670
2.057687702
2.058335014
2.058658670
2.057849530
2.060600605
2.059629637
2.062542540
2.064322647
2.065131787
2.066588238
2.067397378
2.069662969
2.069177485
2.068044690
2.066911894
2.063189852
2.062218884
2.061895228
2.060924261
2.061895228
2.059791465
2.061895228
2.061571572
2.062704368
2.063028024
2.062380712
2.063675335
2.066426410
2.065617271
2.068853829
2.068206517
2.066102754
2.067073722
2.065293615
2.065940926
2.064322647
2.065940926
2.063189852
2.062380712
2.059791465
2.061247917
2.058335014
2.057849530
2.060924261
2.060924261
2.063189852
2.063837163
2.061895228
2.066264582
2.064160819
2.063513508
2.068368345
2.068368345
2.072252216
2.070633936
2.070310281
2.070310281
2.068044690
2.068044690
2.063351680
2.063998991
2.062704368
2.060438777
2.060276949
2.059467809
2.061247917
2.059953293
2.057687702
2.060762433
2.062704368
2.062380712
2.063513508
2.064322647
2.064969959
2.063189852
2.064969959
2.064646303
2.064808131
2.065455443
2.066264582
2.065293615
2.064160819
2.064322647
2.062542540
2.063513508
2.061086089
2.061733400
2.060600605
2.060924261
2.061571572
2.060762433
2.061409744
2.063837163
2.064969959
2.065131787
2.067235550
2.068044690
2.068530173
2.067721034
2.065617271
2.063513508
2.063675335
2.062542540
2.064322647
2.062057056
2.063675335
2.065131787
2.062866196
2.063998991
2.063028024
2.066426410
2.062380712
2.064322647
2.065617271
2.064646303
2.064969959
2.064646303
2.063189852
2.066264582
2.065940926
2.065617271
2.065131787
2.065293615
2.066911894
2.066750066
2.061571572
2.064160819
2.063675335
2.064484475
2.063189852
2.063351680
2.064484475
2.063351680
2.062542540
2.063513508
2.063837163
2.061733400
2.061247917
2.062057056
2.062704368
2.061247917
2.061895228
2.062542540
2.066264582
2.069339313
2.067235550
2.069501141
2.068368345
2.068044690
2.066102754
2.062380712
2.063513508
2.064484475
2.059791465
2.060115121
2.060276949
2.061247917
2.061895228
2.060762433
2.061571572
2.064484475
2.064160819
2.064322647
2.065455443
2.064969959
2.065293615
2.071928560
2.067397378
2.069015657
2.066264582
2.067397378
2.065779099
2.063837163
2.062542540
2.060600605
2.056878563
2.056716735
2.059144153
2.058011358
2.060762433
2.062218884
2.063189852
2.063028024
2.067397378
2.066264582
2.067073722
2.066588238
2.067073722
2.065779099
2.064808131
2.063998991
2.062218884
2.060276949
2.060762433
2.062866196
2.062704368
2.062218884
2.061571572
2.062866196
2.062542540
2.063513508
2.064484475
2.065455443
2.065940926
2.068206517
2.067721034
2.068692001
2.067073722
2.068368345
2.067559206
2.069501141
2.069501141
2.067559206
2.067073722
2.063351680
2.061571572
2.060438777
2.058173186
2.061409744
2.060924261
2.062542540
2.064484475
2.064484475
2.065940926
2.067397378
2.069015657
2.070795764
2.072090388
2.070633936
2.070957592
2.067721034
2.066426410
2.063189852
2.061733400
2.062057056
2.060600605
2.060762433
2.060924261
2.062704368
2.060924261
2.061409744
2.061086089
2.063028024
2.067235550
2.065779099
2.068692001
2.070472109
2.071928560
2.071119420
2.069015657
2.069015657
2.069662969
2.067235550
2.067073722
2.063837163
2.062704368
2.060924261
2.059791465
2.057687702
2.058011358
2.057687702
2.060924261
2.060600605
2.062542540
2.065455443
2.066750066
2.067235550
2.066102754
2.066264582
2.067235550
2.065940926
2.065940926
2.062866196
2.063513508
2.062380712
2.058335014
2.059305981
2.061086089
2.059791465
2.062218884
2.061409744
2.064322647
2.063028024
2.063837163
2.066426410
2.066426410
2.068530173
2.068853829
2.071766732
2.069015657
2.068044690
2.069986625
2.066750066
2.068692001
2.065293615
2.062057056
2.061247917
2.059953293
2.060600605
2.059305981
2.060438777
2.059953293
2.062218884
2.064484475
2.066426410
2.067397378
2.065455443
2.067882862
2.070148453
2.068206517
2.069501141
2.067397378
2.068044690
2.068044690
2.065940926
2.065779099
2.064484475
2.062380712
2.067559206
2.064808131
2.065131787
2.063189852
2.064808131
2.063513508
2.062866196
2.060762433
2.068044690
2.067073722
2.066426410
2.065455443
2.066750066
2.065455443
2.066102754
2.063189852
2.062218884
2.063189852
2.063028024
2.062704368
2.061086089
2.060276949
2.061086089
2.058173186
2.060115121
2.060276949
2.063675335
2.067073722
2.065131787
2.066264582
2.067073722
2.067559206
2.068044690
2.068206517
2.069824797
2.068692001
2.065617271
2.065779099
2.061409744
2.061895228
2.060115121
2.060600605
2.061086089
2.062057056
2.063189852
2.063513508
2.064646303
2.064969959
2.066750066
2.065293615
2.067882862
2.069015657
2.067073722
2.066588238
2.066102754
2.064322647
2.065293615
2.061733400
2.059953293
2.059144153
2.062380712
2.058820498
2.061733400
2.061086089
2.061086089
2.061086089
2.062218884
2.060276949
2.064484475
2.063837163
2.067235550
2.069824797
2.069177485
2.072899528
2.071119420
2.070957592
2.069824797
2.067882862
2.067882862
2.065293615
2.064646303
2.063513508
2.065940926
2.061733400
2.062380712
2.063513508
2.063513508
2.065293615
2.065940926
2.065940926
2.067073722
2.063351680
2.068044690
2.065940926
2.064484475
2.062542540
2.064808131
2.064646303
2.065455443
2.061571572
2.064969959
2.066102754
2.066588238
2.063998991
2.061247917
2.061895228
2.058496842
2.057687702
2.059467809
2.062542540
2.062380712
2.064484475
2.065779099
2.065940926
2.067235550
2.066102754
2.065455443
2.066426410
2.063028024
2.066426410
2.065131787
2.061895228
2.064808131
2.063189852
2.061571572
2.060115121
2.063837163
2.063675335
2.063837163
2.063998991
2.063351680
2.062704368
2.062704368
2.065131787
2.063998991
2.065131787
2.063837163
2.066750066
2.063675335
2.066264582
2.065779099
2.065131787
2.068044690
2.069339313
2.065455443
2.065455443
2.064484475
2.065617271
2.065293615
2.063189852
2.065455443
2.063189852
2.063189852
2.064969959
2.062542540
2.063351680
2.063837163
2.062866196
2.063189852
2.063351680
2.065617271
2.065131787
2.066102754
2.066102754
2.065779099
2.066102754
2.067397378
2.068853829
2.070310281
2.066750066
2.066426410
2.064160819
2.061733400
2.060924261
2.060924261
2.062380712
2.058982326
2.059305981
2.060600605
2.063675335
2.065131787
2.065131787
2.064160819
2.063998991
2.066911894
2.068044690
2.069824797
2.068368345
2.067559206
2.068530173
2.068206517
2.065131787
2.065131787
2.065455443
2.061409744
2.062057056
2.057364046
2.055745767
2.057202218
2.055583939
2.059144153
2.061733400
2.063351680
2.065617271
2.066750066
2.069662969
2.068206517
2.072414044
2.070472109
2.068368345
2.067073722
2.066102754
2.063351680
2.062542540
2.059629637
2.057687702
2.057202218
2.060276949
2.058011358
2.063028024
2.061409744
2.063513508
2.064160819
2.066102754
2.067397378
2.065940926
2.071119420
2.070310281
2.070633936
2.071443076
2.071766732
2.070957592
2.066426410
2.069986625
2.066588238
2.064160819
2.061895228
2.059305981
2.059467809
2.057040390
2.054451144
2.052671037
2.060762433
2.058173186
2.062380712
2.065617271
2.067073722
2.068853829
2.068206517
2.068368345
2.071766732
2.069501141
2.068853829
2.066588238
2.065617271
2.065131787
2.064322647
2.059629637
2.057687702
2.059144153
2.061571572
2.059144153
2.060762433
2.060115121
2.057687702
2.061086089
2.063189852
2.064322647
2.065779099
2.069824797
2.071766732
2.072737700
2.071928560
2.074841463
2.068368345
2.071928560
2.068530173
2.065779099
2.064808131
2.064484475
2.060762433
2.062057056
2.059467809
2.058982326
2.060115121
2.059953293
2.064484475
2.064484475
2.064808131
2.065940926
2.064160819
2.067882862
2.067073722
2.067721034
2.065779099
2.064484475
2.063513508
2.062542540
2.060276949
2.060924261
2.061086089
2.061733400
2.059629637
2.061247917
2.063513508
2.062218884
2.063189852
2.063028024
2.064808131
2.064969959
2.068530173
2.069177485
2.069339313
2.068368345
2.068853829
2.066426410
2.065940926
2.065779099
2.067882862
2.064646303
2.063189852
2.063028024
2.062542540
2.062380712
2.061247917
2.063837163
2.066264582
2.063028024
2.067721034
2.063675335
2.061571572
2.061895228
2.061895228
2.060276949
2.062380712
2.062866196
2.061247917
2.061247917
2.061895228
2.061733400
2.066102754
2.062057056
2.065617271
2.067235550
2.068206517
2.068368345
2.071119420
2.068692001
2.067397378
2.066264582
2.067721034
2.067397378
2.063837163
2.064646303
2.065293615
2.063675335
2.063351680
2.065455443
2.063675335
2.068692001
2.066426410
2.066426410
2.064484475
2.062704368
2.064322647
2.059467809
2.062057056
2.062380712
2.062866196
2.063998991
2.065131787
2.065779099
2.065131787
2.066102754
2.064808131
2.062704368
2.062542540
2.061409744
2.058982326
2.059467809
2.058011358
2.058335014
2.059629637
2.061086089
2.064808131
2.065779099
2.068853829
2.067721034
2.070148453
2.067882862
2.068368345
2.069177485
2.067235550
2.064808131
2.062380712
2.061571572
2.061571572
2.058496842
2.062866196
2.060438777
2.061409744
2.064808131
2.064646303
2.060115121
2.060762433
2.061571572
2.060600605
2.061409744
2.063513508
2.066588238
2.069339313
2.070472109
2.069662969
2.067721034
2.067559206
2.064646303
2.062218884
2.060924261
2.059953293
2.058496842
2.061733400
2.062057056
2.065293615
2.064808131
2.065779099
2.066911894
2.069339313
2.069339313
2.069501141
2.068530173
2.065455443
2.066426410
2.064160819
2.063998991
2.061895228
2.066102754
2.064160819
2.066264582
2.065293615
2.064484475
2.064969959
2.061571572
2.063189852
2.059791465
2.063513508
2.061247917
2.062218884
2.062542540
2.063351680
2.063189852
2.065131787
2.067073722
2.069824797
2.067235550
2.066911894
2.069015657
2.069501141
2.067397378
2.066588238
2.066911894
2.069339313
2.066588238
2.066750066
2.063675335
2.064646303
2.062380712
2.062057056
2.062542540
2.063675335
2.063189852
2.063189852
2.064322647
2.063028024
2.062866196
2.061733400
2.061086089
2.061086089
2.064484475
2.063028024
2.062542540
2.063028024
2.063351680
2.060438777
2.063513508
2.063189852
2.061571572
2.063189852
2.060438777
2.065455443
2.059953293
2.059953293
2.060115121
2.060600605
2.059953293
2.061895228
2.061247917
2.064484475
2.064808131
2.064160819
2.064808131
2.067073722
2.065293615
2.066750066
2.066102754
2.066750066
2.067073722
2.065293615
2.063998991
2.065455443
2.064484475
2.063028024
2.064808131
2.062380712
2.060600605
2.059791465
2.060276949
2.059305981
2.061086089
2.065131787
2.065455443
2.067073722
2.066750066
2.067397378
2.069177485
2.068368345
2.070633936
2.072090388
2.068206517
2.067397378
2.063837163
2.063028024
2.063189852
2.058982326
2.058335014
2.060600605
2.060276949
2.062057056
2.065131787
2.066911894
2.066750066
2.066102754
2.064969959
2.066750066
2.068044690
2.068206517
2.068044690
2.068692001
2.067397378
2.066426410
2.064160819
2.064808131
2.066750066
2.062057056
2.059953293
2.059629637
2.058982326
2.056069423
2.054774800
2.055907595
2.058335014
2.060438777
2.062218884
2.063189852
2.064969959
2.068044690
2.066264582
2.065131787
2.066911894
2.067397378
2.065455443
2.063837163
2.064969959
2.062218884
2.060438777
2.061733400
2.060762433
2.063675335
2.063998991
2.063998991
2.065293615
2.063837163
2.064160819
2.062218884
2.060115121
2.062542540
2.064322647
2.064484475
2.067882862
2.065779099
2.067073722
2.066750066
2.068692001
2.068368345
2.066750066
2.067073722
2.064322647
2.063028024
2.061571572
2.062218884
2.060276949
2.063837163
2.062057056
2.065617271
2.064808131
2.065617271
2.066588238
2.067721034
2.064646303
2.064808131
2.063028024
2.065131787
2.063189852
2.061247917
2.060438777
2.060600605
2.059953293
2.060762433
2.063837163
2.066750066
2.067559206
2.070310281
2.069662969
2.064808131
2.065617271
2.064646303
2.065455443
2.066426410
2.067882862
2.063998991
2.066426410
2.064484475
2.065940926
2.064160819
2.062380712
2.061409744
2.064646303
2.061247917
2.059791465
2.060115121
2.063028024
2.062542540
2.065131787
2.065779099
2.068853829
2.070310281
2.068530173
2.069501141
2.067721034
2.067073722
2.064646303
2.063998991
2.059144153
2.060924261
2.061247917
2.063837163
2.061895228
2.064808131
2.065779099
2.064808131
2.067882862
2.068044690
2.069662969
2.068853829
2.066750066
2.064646303
2.064322647
2.062057056
2.061571572
2.056878563
2.058658670
2.058658670
2.058658670
2.056393079
2.057687702
2.056069423
2.058335014
2.060600605
2.060115121
2.062866196
2.062057056
2.062866196
2.068368345
2.066426410
2.068692001
2.069015657
2.068692001
2.067559206
2.064808131
2.065940926
2.064969959
2.061247917
2.060276949
2.061571572
2.060600605
2.062866196
2.062704368
2.063998991
2.065779099
2.065293615
2.064969959
2.067235550
2.070795764
2.070310281
2.069662969
2.070795764
2.069986625
2.065940926
2.065779099
2.063998991
2.064646303
2.062380712
2.061733400
2.061571572
2.059629637
2.059144153
2.058658670
2.057687702
2.063028024
2.062542540
2.065455443
2.067721034
2.068692001
2.068692001
2.069339313
2.071119420
2.071281248
2.069986625
2.067721034
2.066911894
2.066102754
2.061895228
2.060438777
2.056878563
2.057849530
2.056878563
2.059467809
2.060115121
2.062057056
2.061895228
2.065455443
2.066102754
2.067559206
2.068853829
2.068044690
2.068692001
2.068692001
2.069824797
2.066750066
2.064646303
2.064808131
2.064160819
2.065617271
2.060276949
2.059791465
2.057849530
2.057040390
2.056554907
2.054451144
2.056231251
2.058335014
2.062057056
2.065779099
2.069015657
2.069501141
2.072090388
2.071766732
2.072252216
2.071443076
2.068368345
2.064969959
2.063513508
2.061733400
2.064322647
2.062704368
2.060438777
2.062057056
2.060924261
2.064969959
2.065779099
2.063189852
2.065131787
2.065131787
2.063837163
2.062866196
2.063189852
2.066911894
2.066426410
2.068853829
2.065455443
2.065455443
2.066750066
2.064969959
2.065779099
2.064160819
2.063513508
2.061895228
2.062542540
2.061895228
2.058982326
2.061409744
2.066750066
2.065940926
2.067559206
2.069986625
2.070310281
2.070310281
2.067397378
2.065779099
2.066750066
2.066588238
2.066426410
2.064322647
2.063028024
2.061733400
2.061571572
2.060924261
2.061409744
2.066911894
2.064646303
2.064808131
2.064160819
2.066750066
2.066102754
2.063998991
2.065455443
2.064808131
2.066102754
2.066102754
2.065131787
2.065617271
2.066102754
2.065940926
2.060924261
2.061895228
2.063998991
2.061733400
2.063189852
2.066102754
2.064484475
2.061409744
2.063837163
2.063351680
2.062866196
2.059953293
2.064808131
2.066588238
2.065779099
2.061086089
2.063513508
2.062704368
2.062380712
2.063837163
2.063837163
2.063028024
2.063675335
2.063513508
2.063998991
2.062542540
2.061895228
2.063837163
2.061571572
2.065455443
2.062542540
2.062704368
2.062542540
2.059467809
2.061086089
2.061733400
2.062218884
2.062542540
2.061571572
2.061571572
2.060600605
2.063189852
2.058335014
2.063675335
2.064160819
2.065455443
2.067397378
2.069824797
2.067721034
2.067073722
2.064969959
2.063837163
2.065617271
2.066426410
2.066264582
2.065131787
2.066264582
2.064484475
2.068044690
2.065940926
2.067721034
2.065617271
2.065940926
2.067559206
2.066426410
2.064322647
2.064484475
2.064322647
2.066750066
2.063189852
2.064160819
2.064969959
2.064646303
2.063189852
2.063837163
2.060924261
2.060600605
2.061086089
2.063513508
2.063028024
2.058982326
2.060600605
2.058982326
2.059144153
2.062542540
2.065455443
2.065617271
2.066426410
2.067397378
2.069015657
2.068853829
2.067882862
2.065779099
2.067235550
2.068530173
2.064969959
2.064646303
2.062866196
2.063513508
2.061571572
2.061895228
2.063028024
2.063028024
2.063189852
2.061895228
2.064646303
2.061895228
2.063837163
2.062218884
2.062704368
2.065940926
2.066911894
2.064646303
2.067397378
2.063998991
2.059144153
2.059953293
2.058658670
2.059953293
2.060438777
2.061086089
2.059144153
2.056878563
2.058820498
2.061409744
2.062866196
2.063513508
2.064160819
2.067235550
2.068853829
2.067721034
2.067073722
2.067721034
2.063998991
2.065940926
2.064322647
2.067882862
2.066102754
2.066426410
2.063837163
2.063513508
2.063998991
2.060762433
2.065940926
2.064808131
2.067882862
2.066426410
2.065779099
2.065940926
2.066750066
2.067235550
2.066588238
2.065940926
2.068530173
2.071119420
2.066750066
2.066588238
2.064969959
2.064322647
2.062704368
2.062542540
2.064322647
2.063998991
2.063351680
2.065779099
2.063351680
2.062542540
2.063028024
2.066911894
2.066264582
2.065293615
2.068853829
2.065455443
2.066426410
2.066426410
2.064646303
2.063189852
2.065131787
2.064646303
2.064646303
2.059305981
2.058982326
2.058335014
2.058496842
2.057040390
2.059467809
2.062866196
2.063351680
2.068206517
2.067721034
2.066911894
2.067073722
2.067721034
2.067721034
2.064160819
2.065455443
2.062218884
2.061086089
2.062218884
2.061409744
2.057364046
2.056554907
2.058011358
2.059953293
2.059305981
2.063998991
2.062542540
2.063028024
2.063189852
2.064969959
2.065455443
2.067073722
2.066911894
2.067397378
2.068692001
2.067882862
2.064160819
2.062866196
2.064322647
2.063675335
2.062218884
2.061247917
2.061571572
2.060924261
2.062218884
2.062218884
2.066750066
2.068853829
2.069501141
2.067559206
2.068368345
2.066588238
2.064808131
2.064160819
2.064646303
2.065131787
2.069015657
2.066264582
2.067559206
2.068044690
2.064808131
2.068044690
2.062380712
2.063998991
2.064808131
2.062380712
2.064646303
2.064969959
2.063028024
2.067235550
2.061733400
2.066750066
2.066426410
2.068692001
2.070148453
2.068368345
2.070633936
2.068206517
2.066264582
2.067073722
2.064160819
2.062057056
2.064808131
2.064160819
2.063837163
2.062704368
2.062057056
2.059629637
2.063189852
2.062380712
2.062380712
2.065131787
2.063189852
2.065779099
2.065293615
2.067073722
2.067559206
2.069662969
2.068530173
2.068692001
2.068853829
2.065617271
2.062866196
2.063513508
2.058820498
2.058496842
2.057364046
2.058335014
2.058496842
2.059953293
2.060762433
2.060762433
2.061247917
2.063513508
2.066102754
2.067073722
2.068044690
2.066102754
2.067721034
2.064322647
2.063028024
2.061086089
2.063189852
2.062542540
2.062542540
2.063837163
2.064969959
2.063675335
2.060438777
2.062218884
2.061571572
2.060762433
2.064484475
2.062866196
2.061409744
2.060600605
2.063513508
2.062704368
2.065455443
2.065940926
2.064969959
2.064322647
2.065455443
2.064646303
2.066750066
