0.484076601
0.476956202
0.475661584
0.483267465
0.487960455
0.494433545
0.496375472
0.492653445
0.486504010
0.476632548
0.473719657
0.478574475
0.484400255
0.492491618
0.494757199
0.492491618
0.487636800
0.476956202
0.471130421
0.474852448
0.481811020
0.490549691
0.493138927
0.492815272
0.487313146
0.479869093
0.475176103
0.475661584
0.474043312
0.482620156
0.489740555
0.492977100
0.491844309
0.483591119
0.478088993
0.472910521
0.475014275
0.479545438
0.488122282
0.492491618
0.492491618
0.487636800
0.478412647
0.477118029
0.476956202
0.480516402
0.488931418
0.490387864
0.493948063
0.488122282
0.482620156
0.477927166
0.474690621
0.477118029
0.481811020
0.490873345
0.492977100
0.490873345
0.483105638
0.476956202
0.475499757
0.478250820
0.484400255
0.494271718
0.496375472
0.494919027
0.487960455
0.480354574
0.477603511
0.476632548
0.478574475
0.486827664
0.493462581
0.492167963
0.486342182
0.480192747
0.475499757
0.473072348
0.476956202
0.486342182
0.493138927
0.494757199
0.490387864
0.487151319
0.478736302
0.473881485
0.476794375
0.479707265
0.489093246
0.492653445
0.490549691
0.485533046
0.479221784
0.473719657
0.474205139
0.478736302
0.486665837
0.491197000
0.493300754
0.488769591
0.483914774
0.478250820
0.477441684
0.480030920
0.484400255
0.489093246
0.491682482
0.486018528
0.482943810
0.476794375
0.476147066
0.473557830
0.480030920
0.488607764
0.490873345
0.488769591
0.483752947
0.476470720
0.474366966
0.474528794
0.478574475
0.490226036
0.491844309
0.494433545
0.491520654
0.484723910
0.477279857
0.476794375
0.478898129
0.484562083
0.495566336
0.494271718
0.494271718
0.486665837
0.479221784
0.473719657
0.473234176
0.481325538
0.486342182
0.491358827
0.491035173
0.485371219
0.481163711
0.475661584
0.476632548
0.477279857
0.486342182
0.492491618
0.491682482
0.490549691
0.484238428
0.478412647
0.475985239
0.476308893
0.481811020
0.490387864
0.491035173
0.489416900
0.487151319
0.480192747
0.474690621
0.479059956
0.483914774
0.490387864
0.495242681
0.496051817
0.489740555
0.482781983
0.480516402
0.477927166
0.481325538
0.487151319
0.491520654
0.492329791
0.488284109
0.479383611
0.473234176
0.472748694
0.475176103
0.479869093
0.490064209
0.495566336
0.491682482
0.483267465
0.476632548
0.473072348
0.474043312
0.481487365
0.489255073
0.493624409
0.493138927
0.486665837
0.481811020
0.474852448
0.474366966
0.480516402
0.487636800
0.493624409
0.493300754
0.489740555
0.481649192
0.474690621
0.474205139
0.479707265
0.484400255
0.491035173
0.494271718
0.488445937
0.482296501
0.475337930
0.474690621
0.478088993
0.481487365
0.490873345
0.494433545
0.492329791
0.485533046
0.478736302
0.474690621
0.475823412
0.481325538
0.489255073
0.493786236
0.491520654
0.488445937
0.479707265
0.475176103
0.472748694
0.480030920
0.486342182
0.492977100
0.494271718
0.489740555
0.485209392
0.475661584
0.474528794
0.475661584
0.483105638
0.489093246
0.492977100
0.489740555
0.486018528
0.477603511
0.471454076
0.474852448
0.478412647
0.488122282
0.493462581
0.491844309
0.487151319
0.479059956
0.475014275
0.473072348
0.475823412
0.486342182
0.491197000
0.493462581
0.487151319
0.481487365
0.474690621
0.473396003
0.475985239
0.484076601
0.492167963
0.494109890
0.489416900
0.483752947
0.474852448
0.470968594
0.476147066
0.482943810
0.488122282
0.493300754
0.489902382
0.484885737
0.474043312
0.470159458
0.473557830
0.479221784
0.487960455
0.494109890
0.492815272
0.486342182
0.480030920
0.475014275
0.469997631
0.480030920
0.486018528
0.494757199
0.494757199
0.487798628
0.478736302
0.471615903
0.470483112
0.476794375
0.485371219
0.493786236
0.498641053
0.494109890
0.486180355
0.478088993
0.475014275
0.475499757
0.482943810
0.491520654
0.496375472
0.492815272
0.483752947
0.476632548
0.471292249
0.472748694
0.478898129
0.484885737
0.492653445
0.491844309
0.486180355
0.479059956
0.471454076
0.473234176
0.476308893
0.483105638
0.490549691
0.495889990
0.492977100
0.482458329
0.477441684
0.471454076
0.470806767
0.483105638
0.488931418
0.492977100
0.491197000
0.483752947
0.479221784
0.473557830
0.473881485
0.478574475
0.484723910
0.493786236
0.489740555
0.487960455
0.477118029
0.473719657
0.471130421
0.475014275
0.484238428
0.494109890
0.496051817
0.494109890
0.487474973
0.479059956
0.475176103
0.475176103
0.480354574
0.489093246
0.491035173
0.490387864
0.485209392
0.476147066
0.472586867
0.473719657
0.479221784
0.485694873
0.493138927
0.495080854
0.489902382
0.483105638
0.477279857
0.474043312
0.474690621
0.480840056
0.490226036
0.491358827
0.490387864
0.482620156
0.474528794
0.470321285
0.474528794
0.482943810
0.487313146
0.493786236
0.492977100
0.485533046
0.478412647
0.474205139
0.474205139
0.479545438
0.486342182
0.491844309
0.489740555
0.483752947
0.479707265
0.472101385
0.471777730
0.473557830
0.482943810
0.487636800
0.492653445
0.489255073
0.477927166
0.475014275
0.471615903
0.476308893
0.481001883
0.490387864
0.494109890
0.490711518
0.482134674
0.474043312
0.470806767
0.469512149
0.477603511
0.486018528
0.491035173
0.491844309
0.485371219
0.479545438
0.475176103
0.473234176
0.473719657
0.485371219
0.492329791
0.493786236
0.492491618
0.481972847
0.473557830
0.470644940
0.474366966
0.480516402
0.488931418
0.494757199
0.492329791
0.486665837
0.477765338
0.469835804
0.473719657
0.478250820
0.484723910
0.493948063
0.492006136
0.488284109
0.481972847
0.473719657
0.470159458
0.475337930
0.482134674
0.490711518
0.494433545
0.489416900
0.482296501
0.475661584
0.471130421
0.474043312
0.480192747
0.487151319
0.492653445
0.491358827
0.486018528
0.475985239
0.471454076
0.471454076
0.475985239
0.485694873
0.491358827
0.493786236
0.489416900
0.484076601
0.476308893
0.469188495
0.471939558
0.480192747
0.486665837
0.491358827
0.489740555
0.483267465
0.474528794
0.470321285
0.471130421
0.477603511
0.487313146
0.490711518
0.490387864
0.487636800
0.481001883
0.474043312
0.472748694
0.475823412
0.484723910
0.492491618
0.491197000
0.490226036
0.482943810
0.473396003
0.471454076
0.469835804
0.476147066
0.484723910
0.493462581
0.492006136
0.487636800
0.481487365
0.473072348
0.472910521
0.477441684
0.485209392
0.492329791
0.494595372
0.489255073
0.478736302
0.472586867
0.470321285
0.472748694
0.476956202
0.488284109
0.489740555
0.488769591
0.481487365
0.475985239
0.472586867
0.473234176
0.478250820
0.486342182
0.492977100
0.497022781
0.487636800
0.479221784
0.473881485
0.470159458
0.475176103
0.481972847
0.492653445
0.493462581
0.488122282
0.485694873
0.474690621
0.470968594
0.473719657
0.482134674
0.489578727
0.492167963
0.492006136
0.487151319
0.475661584
0.471130421
0.469188495
0.472910521
0.481325538
0.489093246
0.490711518
0.489093246
0.482781983
0.475014275
0.468703013
0.472263212
0.479869093
0.487798628
0.492653445
0.490549691
0.483105638
0.475176103
0.471130421
0.474366966
0.477441684
0.483914774
0.490873345
0.490387864
0.485856701
0.477603511
0.472101385
0.469188495
0.473881485
0.481649192
0.487636800
0.489093246
0.487151319
0.478088993
0.472263212
0.471454076
0.471939558
0.478250820
0.487151319
0.491358827
0.489416900
0.482620156
0.477279857
0.472748694
0.472263212
0.478250820
0.485694873
0.491682482
0.491520654
0.484238428
0.479383611
0.475176103
0.473557830
0.476632548
0.481325538
0.491358827
0.492815272
0.488607764
0.482296501
0.477927166
0.473396003
0.473396003
0.482458329
0.486665837
0.492006136
0.488931418
0.479869093
0.475176103
0.472101385
0.473396003
0.477118029
0.485047564
0.493138927
0.493300754
0.488122282
0.480030920
0.474043312
0.475823412
0.477279857
0.484238428
0.491035173
0.489416900
0.487151319
0.481163711
0.473719657
0.469835804
0.469835804
0.477927166
0.485209392
0.490549691
0.489093246
0.480516402
0.475014275
0.471130421
0.470806767
0.478736302
0.485047564
0.490064209
0.490549691
0.487960455
0.477765338
0.472425039
0.469512149
0.474852448
0.482943810
0.488445937
0.495889990
0.488607764
0.483591119
0.475176103
0.470968594
0.473072348
0.479545438
0.486180355
0.491682482
0.488931418
0.481163711
0.475176103
0.468541186
0.472748694
0.475661584
0.484723910
0.492167963
0.492167963
0.489416900
0.480192747
0.474043312
0.472910521
0.478250820
0.483105638
0.490064209
0.494109890
0.489093246
0.481649192
0.472425039
0.472263212
0.473557830
0.481487365
0.486827664
0.493786236
0.491520654
0.485694873
0.478574475
0.474690621
0.474852448
0.481001883
0.488931418
0.490549691
0.489902382
0.485856701
0.477765338
0.472101385
0.472101385
0.477927166
0.482620156
0.489902382
0.489902382
0.488769591
0.481001883
0.478088993
0.474366966
0.474366966
0.481487365
0.489416900
0.492006136
0.488931418
0.482458329
0.472748694
0.470644940
0.475014275
0.478250820
0.486342182
0.489740555
0.488931418
0.484885737
0.477279857
0.473719657
0.471777730
0.475176103
0.486989491
0.487960455
0.488607764
0.482943810
0.476308893
0.470321285
0.469512149
0.474366966
0.480840056
0.492491618
0.493624409
0.487636800
0.478412647
0.473557830
0.473072348
0.475337930
0.484562083
0.491197000
0.492167963
0.490873345
0.482781983
0.473072348
0.469835804
0.471454076
0.477279857
0.489902382
0.492653445
0.491358827
0.484400255
0.477927166
0.473234176
0.471777730
0.477441684
0.485047564
0.492329791
0.491682482
0.487313146
0.478574475
0.472425039
0.471777730
0.475176103
0.481001883
0.492653445
0.495242681
0.490711518
0.484238428
0.475176103
0.471130421
0.473234176
0.480030920
0.488769591
0.490064209
0.493138927
0.485533046
0.476147066
0.471454076
0.474043312
0.476308893
0.484562083
0.493138927
0.492491618
0.487960455
0.481163711
0.472586867
0.469835804
0.474852448
0.479221784
0.488931418
0.491520654
0.488607764
0.479383611
0.473557830
0.469673976
0.471939558
0.479221784
0.487636800
0.492329791
0.491682482
0.484400255
0.475985239
0.471777730
0.472910521
0.480354574
0.486989491
0.490549691
0.493300754
0.485856701
0.483752947
0.473072348
0.473072348
0.477441684
0.481972847
0.488607764
0.492329791
0.489902382
0.481325538
0.474690621
0.474528794
0.474528794
0.480030920
0.488445937
0.490711518
0.490387864
0.482458329
0.475176103
0.470644940
0.470159458
0.476470720
0.484400255
0.492977100
0.490226036
0.483752947
0.477603511
0.471130421
0.473072348
0.477603511
0.486504010
0.492329791
0.491844309
0.489578727
0.481649192
0.470806767
0.470483112
0.473719657
0.481163711
0.488931418
0.491682482
0.488931418
0.484723910
0.478088993
0.472748694
0.472748694
0.479383611
0.486504010
0.492329791
0.490226036
0.483267465
0.475014275
0.469350322
0.468864840
0.476632548
0.483914774
0.491520654
0.491035173
0.487636800
0.480030920
0.475014275
0.471130421
0.475985239
0.481325538
0.488122282
0.492006136
0.489902382
0.484076601
0.478088993
0.472101385
0.471615903
0.478898129
0.486342182
0.491682482
0.491520654
0.486342182
0.477765338
0.475176103
0.472910521
0.478736302
0.483429292
0.491035173
0.493462581
0.488607764
0.481649192
0.472263212
0.471615903
0.473719657
0.481325538
0.489578727
0.493624409
0.490549691
0.482943810
0.474366966
0.471454076
0.471939558
0.477279857
0.486665837
0.490387864
0.492491618
0.486018528
0.478088993
0.469835804
0.471130421
0.477279857
0.482458329
0.490711518
0.492491618
0.488284109
0.479707265
0.474366966
0.473881485
0.473719657
0.484076601
0.487636800
0.492329791
0.488931418
0.484076601
0.474205139
0.474205139
0.478574475
0.480516402
0.484562083
0.489740555
0.488769591
0.485047564
0.479059956
0.472586867
0.472586867
0.480354574
0.483267465
0.490873345
0.492815272
0.490387864
0.482458329
0.475985239
0.473396003
0.475337930
0.481972847
0.490549691
0.492491618
0.489740555
0.483105638
0.476147066
0.472263212
0.474690621
0.480516402
0.487474973
0.491197000
0.492491618
0.488445937
0.480030920
0.475337930
0.474528794
0.477118029
0.482134674
0.491520654
0.491035173
0.490387864
0.481325538
0.479383611
0.477765338
0.473719657
0.479707265
0.488445937
0.492977100
0.492329791
0.483752947
0.479707265
0.472910521
0.473072348
0.480840056
0.486180355
0.494433545
0.494757199
0.488284109
0.480840056
0.475823412
0.473881485
0.478250820
0.482458329
0.489902382
0.492815272
0.492329791
0.481811020
0.474366966
0.469350322
0.471292249
0.480840056
0.486827664
0.493300754
0.492329791
0.486018528
0.476956202
0.472586867
0.469350322
0.474366966
0.483914774
0.490711518
0.493948063
0.487960455
0.479869093
0.471777730
0.468217531
0.471777730
0.479869093
0.488769591
0.493786236
0.494433545
0.486342182
0.476794375
0.468379358
0.472748694
0.478250820
0.485047564
0.492167963
0.492167963
0.487151319
0.479059956
0.473881485
0.470483112
0.470968594
0.478574475
0.491358827
0.491682482
0.490226036
0.483752947
0.475176103
0.470321285
0.472910521
0.480516402
0.489578727
0.493624409
0.492491618
0.487474973
0.477603511
0.470806767
0.467893877
0.475499757
0.487636800
0.492491618
0.494757199
0.491358827
0.483267465
0.475176103
0.471292249
0.474043312
0.481001883
0.490711518
0.494757199
0.491035173
0.484723910
0.475499757
0.471777730
0.469673976
0.474852448
0.482943810
0.491520654
0.493624409
0.488284109
0.477603511
0.471130421
0.468055704
0.474690621
0.482296501
0.489578727
0.493786236
0.491844309
0.482943810
0.474852448
0.471130421
0.471292249
0.480678229
0.489093246
0.493624409
0.489578727
0.485047564
0.477118029
0.469835804
0.472910521
0.475823412
0.484562083
0.490387864
0.496699126
0.487960455
0.478412647
0.470644940
0.469350322
0.474205139
0.479545438
0.489416900
0.492977100
0.491520654
0.483752947
0.475661584
0.471130421
0.470159458
0.477927166
0.485533046
0.493300754
0.488769591
0.485694873
0.475985239
0.472425039
0.472586867
0.473072348
0.484562083
0.491035173
0.494271718
0.489255073
0.483429292
0.473396003
0.471454076
0.474043312
0.480516402
0.490064209
0.492815272
0.490387864
0.484562083
0.477927166
0.470159458
0.477279857
0.478088993
0.486342182
0.490711518
0.493138927
0.487798628
0.480516402
0.473881485
0.472910521
0.477765338
0.485856701
0.488607764
0.491197000
0.486342182
0.477765338
0.472748694
0.471777730
0.471777730
0.480840056
0.487151319
0.489740555
0.488769591
0.479869093
0.477441684
0.472586867
0.477118029
0.479707265
0.486989491
0.491035173
0.488284109
0.483914774
0.479707265
0.475337930
0.475823412
0.476470720
0.485209392
0.486342182
0.491358827
0.487313146
0.479383611
0.473396003
0.475176103
0.475337930
0.482134674
0.489740555
0.491197000
0.487960455
0.481325538
0.475823412
0.475337930
0.475985239
0.481163711
0.488931418
0.493300754
0.489416900
0.483914774
0.477927166
0.475337930
0.478250820
0.481001883
0.495728163
0.497184608
0.491197000
0.487474973
0.478412647
0.478250820
0.473557830
0.474852448
0.483429292
0.491358827
0.493786236
0.487636800
0.481649192
0.476794375
0.474852448
0.478574475
0.482943810
0.490873345
0.495080854
0.489578727
0.482296501
0.479059956
0.471454076
0.473881485
0.479545438
0.488284109
0.491520654
0.492006136
0.486504010
0.477927166
0.473396003
0.475661584
0.477603511
0.485856701
0.494919027
0.499450190
0.493786236
0.480516402
0.474043312
0.470483112
0.474852448
0.481487365
0.489740555
0.491358827
0.486989491
0.480678229
0.475823412
0.470321285
0.474043312
0.481649192
0.485533046
0.494109890
0.490711518
0.482458329
0.475014275
0.471615903
0.472101385
0.480192747
0.487313146
0.492006136
0.492977100
0.487474973
0.476956202
0.473396003
0.472263212
0.476794375
0.486180355
0.490387864
0.498802881
0.490387864
0.480192747
0.473881485
0.471939558
0.472263212
0.480030920
0.489255073
0.492815272
0.489255073
0.485209392
0.475014275
0.472748694
0.474043312
0.479869093
0.486989491
0.492329791
0.492491618
0.485694873
0.476147066
0.470159458
0.470806767
0.476794375
0.484562083
0.489740555
0.491035173
0.486989491
0.481487365
0.474852448
0.472101385
0.475661584
0.482458329
0.491682482
0.493462581
0.487798628
0.480840056
0.472910521
0.469997631
0.471454076
0.477927166
0.484885737
0.490387864
0.486989491
0.482620156
0.474528794
0.471777730
0.470321285
0.475823412
0.484723910
0.487474973
0.492491618
0.483591119
0.476632548
0.470806767
0.471777730
0.473234176
0.482296501
0.489093246
0.492006136
0.487798628
0.480354574
0.474043312
0.473719657
0.474205139
0.481649192
0.489416900
0.493624409
0.490873345
0.486180355
0.477765338
0.474852448
0.475337930
0.479869093
0.486342182
0.495080854
0.493462581
0.486989491
0.482620156
0.474043312
0.472910521
0.478574475
0.490549691
0.493462581
0.492977100
0.489740555
0.476308893
0.470321285
0.467893877
0.471292249
0.480030920
0.489740555
0.491035173
0.488931418
0.482781983
0.474366966
0.468379358
0.473396003
0.482134674
0.489902382
0.492653445
0.493786236
0.488284109
0.474852448
0.470321285
0.467893877
0.474852448
0.482943810
0.491520654
0.491844309
0.485694873
0.480030920
0.471454076
0.470483112
0.472910521
0.482781983
0.490549691
0.493138927
0.490549691
0.480030920
0.474043312
0.470159458
0.470321285
0.476632548
0.485047564
0.490873345
0.486989491
0.481811020
0.474528794
0.473881485
0.473719657
0.480030920
0.485209392
0.493462581
0.492491618
0.488607764
0.482943810
0.471454076
0.471939558
0.474528794
0.481325538
0.486342182
0.489255073
0.488122282
0.481811020
0.475661584
0.469350322
0.472748694
0.478574475
0.485533046
0.493300754
0.493786236
0.485694873
0.480840056
0.472748694
0.469835804
0.477603511
0.482781983
0.490873345
0.494433545
0.491358827
0.484400255
0.475499757
0.470968594
0.476794375
0.478736302
0.488607764
0.494109890
0.494433545
0.487313146
0.477765338
0.475014275
0.474852448
0.477603511
0.486989491
0.494595372
0.495728163
0.490064209
0.481001883
0.475661584
0.471615903
0.474852448
0.483752947
0.489416900
0.494595372
0.491358827
0.483429292
0.470806767
0.471777730
0.470806767
0.478736302
0.487798628
0.492006136
0.494757199
0.486989491
0.478574475
0.472101385
0.470483112
0.475014275
0.486827664
0.494109890
0.495404508
0.491197000
0.482296501
0.476470720
0.473072348
0.474205139
0.479869093
0.490873345
0.492653445
0.488769591
0.483429292
0.472910521
0.468217531
0.471454076
0.476794375
0.488445937
0.492329791
0.492815272
0.486827664
0.479059956
0.472425039
0.471292249
0.475985239
0.482296501
0.491682482
0.494757199
0.490226036
0.483105638
0.473557830
0.472263212
0.476308893
0.480030920
0.486504010
0.493462581
0.494433545
0.488931418
0.480840056
0.474366966
0.473396003
0.479869093
0.485047564
0.494109890
0.494595372
0.486827664
0.481972847
0.474366966
0.471454076
0.476956202
0.483105638
0.490064209
0.496213645
0.491844309
0.484562083
0.475014275
0.473396003
0.473396003
0.479869093
0.486504010
0.492977100
0.492329791
0.486342182
0.481649192
0.473557830
0.474528794
0.481487365
0.485533046
0.491844309
0.496051817
0.488769591
0.484076601
0.474690621
0.472101385
0.475499757
0.485047564
0.488769591
0.493138927
0.490711518
0.486342182
0.475337930
0.473234176
0.474366966
0.483752947
0.487798628
0.494433545
0.494433545
0.490064209
0.478250820
0.471939558
0.472586867
0.477603511
0.484076601
0.488284109
0.492815272
0.490387864
0.482620156
0.473396003
0.469673976
0.471454076
0.478574475
0.497022781
0.494109890
0.493786236
0.487798628
0.477279857
0.474528794
0.473719657
0.477118029
0.487313146
0.493948063
0.496051817
0.490064209
0.480516402
0.473881485
0.472425039
0.476956202
0.483914774
0.493138927
0.494595372
0.490711518
0.484562083
0.475176103
0.470806767
0.473396003
0.477279857
0.487960455
0.492006136
0.490711518
0.486989491
0.477927166
0.470159458
0.474528794
0.475985239
0.486342182
0.495242681
0.496051817
0.492329791
0.483752947
0.478250820
0.476308893
0.475985239
0.482134674
0.492653445
0.496375472
0.493462581
0.485047564
0.475661584
0.473234176
0.472748694
0.480840056
0.489093246
0.496375472
0.496213645
0.495080854
0.482620156
0.471615903
0.473557830
0.476956202
0.486342182
0.496213645
0.495566336
0.489740555
0.481811020
0.474852448
0.469997631
0.473557830
0.480840056
0.494109890
0.495728163
0.493786236
0.485533046
0.480516402
0.474043312
0.474852448
0.481001883
0.487960455
0.495889990
0.495242681
0.490387864
0.481001883
0.475176103
0.473881485
0.477927166
0.483591119
0.492329791
0.495566336
0.489902382
0.481811020
0.474205139
0.473557830
0.474528794
0.480192747
0.489416900
0.493462581
0.491035173
0.486665837
0.477765338
0.474205139
0.476632548
0.480030920
0.491358827
0.493462581
0.496537299
0.489093246
0.481163711
0.473881485
0.473396003
0.478574475
0.485856701
0.492977100
0.492653445
0.492006136
0.485533046
0.475499757
0.471777730
0.472586867
0.480516402
0.488607764
0.495889990
0.494433545
0.486665837
0.479869093
0.476470720
0.478412647
0.481972847
0.487313146
0.491682482
0.493462581
0.488931418
0.481325538
0.475176103
0.477603511
0.476956202
0.484562083
0.492167963
0.493462581
0.490387864
0.484076601
0.478574475
0.476794375
0.479221784
0.483752947
0.493786236
0.493138927
0.491682482
0.486342182
0.479221784
0.476308893
0.477765338
0.481811020
0.487636800
0.496213645
0.490226036
0.487313146
0.482134674
0.475823412
0.476632548
0.477927166
0.486989491
0.491844309
0.493300754
0.487151319
0.483429292
0.476470720
0.477441684
0.478736302
0.489416900
0.492329791
0.492977100
0.491844309
0.485047564
0.481163711
0.475661584
0.479383611
0.484885737
0.490387864
0.493138927
0.491682482
0.486342182
0.479221784
0.477279857
0.475014275
0.484885737
0.489416900
0.492977100
0.492491618
0.488769591
0.481325538
0.474366966
0.475176103
0.479707265
0.488284109
0.492006136
0.492006136
0.486665837
0.479869093
0.474043312
0.473234176
0.478574475
0.486180355
0.494919027
0.494757199
0.492167963
0.483914774
0.478088993
0.474043312
0.477765338
0.485209392
0.493786236
0.499126535
0.494757199
0.488607764
0.478412647
0.478736302
0.476956202
0.483429292
0.488931418
0.497831917
0.495080854
0.487474973
0.479059956
0.474366966
0.475176103
0.479707265
0.489093246
0.498802881
0.498317399
0.491844309
0.483105638
0.475176103
0.473881485
0.477927166
0.483105638
0.491844309
0.497022781
0.493300754
0.486827664
0.477279857
0.474528794
0.477118029
0.484400255
0.491358827
0.498964708
0.498155572
0.492977100
0.483591119
0.473719657
0.474205139
0.480192747
0.488284109
0.495566336
0.499126535
0.490711518
0.480678229
0.475985239
0.476147066
0.481649192
0.486018528
0.497993744
0.496699126
0.492491618
0.485047564
0.476632548
0.471292249
0.475661584
0.481811020
0.491844309
0.492977100
0.492815272
0.488122282
0.476470720
0.479059956
0.479221784
0.484076601
0.490873345
0.496537299
0.500421153
0.494433545
0.483914774
0.477279857
0.475823412
0.481163711
0.487960455
0.492329791
0.497670090
0.494271718
0.484238428
0.477441684
0.473557830
0.477118029
0.483752947
0.493462581
0.496051817
0.496213645
0.487960455
0.478250820
0.478412647
0.477765338
0.482943810
0.491520654
0.498317399
0.495889990
0.489416900
0.480354574
0.476794375
0.473719657
0.479869093
0.487313146
0.496213645
0.499126535
0.492006136
0.485371219
0.478574475
0.476794375
0.479707265
0.486989491
0.494433545
0.498802881
0.495404508
0.485371219
0.477279857
0.476794375
0.477441684
0.486665837
0.492815272
0.497346435
0.495404508
0.489255073
0.480840056
0.479059956
0.475661584
0.484723910
0.487960455
0.494595372
0.497184608
0.493462581
0.484076601
0.479383611
0.476632548
0.479221784
0.486342182
0.494109890
0.497022781
0.494271718
0.486989491
0.476470720
0.476147066
0.477441684
0.482943810
0.488931418
0.495889990
0.498317399
0.492006136
0.481487365
0.474043312
0.471939558
0.478250820
0.486665837
0.493948063
0.497831917
0.494595372
0.486827664
0.478736302
0.473396003
0.477603511
0.482296501
0.492491618
0.497670090
0.496375472
0.489255073
0.479383611
0.477603511
0.478412647
0.487474973
0.490711518
0.498479226
0.499126535
0.493462581
0.488607764
0.480354574
0.476470720
0.478898129
0.484562083
0.492329791
0.498479226
0.495080854
0.488931418
0.482296501
0.477603511
0.477279857
0.484400255
0.494433545
0.498317399
0.497831917
0.494595372
0.487474973
0.477765338
0.477927166
0.480678229
0.487313146
0.492815272
0.496375472
0.491358827
0.484076601
0.476632548
0.475014275
0.478088993
0.485694873
0.494433545
0.497346435
0.495889990
0.492006136
0.483752947
0.474852448
0.478736302
0.482134674
0.489902382
0.495080854
0.495566336
0.490226036
0.482620156
0.476308893
0.475014275
0.479545438
0.486665837
0.495566336
0.496375472
0.489902382
0.485371219
0.478088993
0.476470720
0.479545438
0.485047564
0.491844309
0.495566336
0.496699126
0.487151319
0.482296501
0.476308893
0.477765338
0.480840056
0.489093246
0.495404508
0.496860954
0.489578727
0.484562083
0.479221784
0.478088993
0.480192747
0.487960455
0.493462581
0.495728163
0.492815272
0.485047564
0.479059956
0.474205139
0.481163711
0.484400255
0.493948063
0.499126535
0.497508263
0.489255073
0.483105638
0.483429292
0.481325538
0.483105638
0.487151319
0.493462581
0.492329791
0.487798628
0.480354574
0.478088993
0.477279857
0.478250820
0.486342182
0.495242681
0.498155572
0.496213645
0.488284109
0.482620156
0.478574475
0.480192747
0.485209392
0.490226036
0.494757199
0.492653445
0.488284109
0.479059956
0.474366966
0.472586867
0.479059956
0.489093246
0.496860954
0.494433545
0.492815272
0.486665837
0.478088993
0.478412647
0.479869093
0.484723910
0.492006136
0.499773844
0.493786236
0.485209392
0.479221784
0.475014275
0.474690621
0.480840056
0.487960455
0.496375472
0.495080854
0.492815272
0.484723910
0.476794375
0.478412647
0.481163711
0.488122282
0.497346435
0.497831917
0.493948063
0.486827664
0.476956202
0.475985239
0.480354574
0.483914774
0.491035173
0.498802881
0.498641053
0.492167963
0.481649192
0.475985239
0.480516402
0.483914774
0.495404508
0.497184608
0.496375472
0.491035173
0.482458329
0.475499757
0.475823412
0.480840056
0.490549691
0.496375472
0.496213645
0.493948063
0.486180355
0.480516402
0.474366966
0.475661584
0.484238428
0.491197000
0.499935671
0.495404508
0.488122282
0.479869093
0.478250820
0.475985239
0.477603511
0.489740555
0.492815272
0.495728163
0.492977100
0.483591119
0.477118029
0.470968594
0.476794375
0.485209392
0.494109890
0.496537299
0.493786236
0.486504010
0.479545438
0.475014275
0.475176103
0.480516402
0.495080854
0.499612017
0.496213645
0.490711518
0.480840056
0.475014275
0.473072348
0.479869093
0.487313146
0.493462581
0.499450190
0.492167963
0.487151319
0.478412647
0.472101385
0.477118029
0.488607764
0.495080854
0.497508263
0.496699126
0.491682482
0.482458329
0.473234176
0.476470720
0.479869093
0.489578727
0.494595372
0.497346435
0.488931418
0.479221784
0.476632548
0.473234176
0.476632548
0.486989491
0.495242681
0.498155572
0.498479226
0.487636800
0.481811020
0.477279857
0.480516402
0.487313146
0.492653445
0.498641053
0.494919027
0.485694873
0.477441684
0.474043312
0.474852448
0.480678229
0.489902382
0.494757199
0.496375472
0.490711518
0.481972847
0.476794375
0.481649192
0.485533046
0.487960455
0.495728163
0.495242681
0.492167963
0.485371219
0.477603511
0.474528794
0.476632548
0.484076601
0.494109890
0.494919027
0.493462581
0.486504010
0.482458329
0.475823412
0.474205139
0.483429292
0.496375472
0.496699126
0.496537299
0.487151319
0.480192747
0.477927166
0.473881485
0.482296501
0.488284109
0.493624409
0.494109890
0.490873345
0.485047564
0.476794375
0.475337930
0.479545438
0.486180355
0.492815272
0.493462581
0.489578727
0.483429292
0.478250820
0.475985239
0.478574475
0.483591119
0.493138927
0.499288362
0.493948063
0.488122282
0.481001883
0.477927166
0.477603511
0.483914774
0.492329791
0.498802881
0.496051817
0.487798628
0.484076601
0.476794375
0.475661584
0.480516402
0.488445937
0.495080854
0.501715771
0.494271718
0.484076601
0.478088993
0.476956202
0.481972847
0.486180355
0.495080854
0.497670090
0.492977100
0.486342182
0.480678229
0.476470720
0.479059956
0.483591119
0.493462581
0.498155572
0.496213645
0.490711518
0.483914774
0.478088993
0.477441684
0.485047564
0.493948063
0.499612017
0.498641053
0.491035173
0.483914774
0.476632548
0.475823412
0.481487365
0.488769591
0.498479226
0.497508263
0.494109890
0.488445937
0.479221784
0.477118029
0.484562083
0.489740555
0.492977100
0.498479226
0.493624409
0.486989491
0.478250820
0.474528794
0.480192747
0.487798628
0.492653445
0.499612017
0.498964708
0.489255073
0.482134674
0.476308893
0.479221784
0.485856701
0.493300754
0.500744808
0.500421153
0.494433545
0.484238428
0.476308893
0.476308893
0.483591119
0.490064209
0.495889990
0.499935671
0.493138927
0.486827664
0.476632548
0.472748694
0.477603511
0.487960455
0.496537299
0.498641053
0.498479226
0.487474973
0.478898129
0.478898129
0.482134674
0.484885737
0.489093246
0.498641053
0.494757199
0.491682482
0.481163711
0.474205139
0.474043312
0.480354574
0.487474973
0.496051817
0.496699126
0.500259326
0.490549691
0.479869093
0.479545438
0.478412647
0.486018528
0.495404508
0.501230289
0.500582980
0.495566336
0.482943810
0.479059956
0.477765338
0.482134674
0.489255073
0.496537299
0.497022781
0.491035173
0.479545438
0.475661584
0.474690621
0.477927166
0.485209392
0.495404508
0.499773844
0.495566336
0.490711518
0.479059956
0.475499757
0.478088993
0.486180355
0.493786236
0.498802881
0.496537299
0.488607764
0.480516402
0.476308893
0.472425039
0.479383611
0.489578727
0.498317399
0.498155572
0.492329791
0.484723910
0.476794375
0.476794375
0.481972847
0.485047564
0.494109890
0.496537299
0.494757199
0.486018528
0.475176103
0.474528794
0.476794375
0.484400255
0.488607764
0.495242681
0.492491618
0.489255073
0.479869093
0.474852448
0.474690621
0.483429292
0.491197000
0.496375472
0.498964708
0.492329791
0.488284109
0.479383611
0.477279857
0.482781983
0.484238428
0.488445937
0.494271718
0.492491618
0.487151319
0.479869093
0.475337930
0.476632548
0.482781983
0.491035173
0.495404508
0.492977100
0.487474973
0.481163711
0.476632548
0.474528794
0.477441684
0.485694873
0.494919027
0.494271718
0.493138927
0.484400255
0.477765338
0.476470720
0.479221784
0.481972847
0.493462581
0.494271718
0.493300754
0.488445937
0.480516402
0.477927166
0.477603511
0.482781983
0.491035173
0.494271718
0.492653445
0.487960455
0.483752947
0.475014275
0.472910521
0.479059956
0.485533046
0.493138927
0.494271718
0.491358827
0.482781983
0.475337930
0.473072348
0.474366966
0.480840056
0.490226036
0.493786236
0.492491618
0.489902382
0.480354574
0.473881485
0.473234176
0.478898129
0.487151319
0.492653445
0.493462581
0.489740555
0.483591119
0.476956202
0.473719657
0.477441684
0.481972847
0.489416900
0.493948063
0.493462581
0.488122282
0.479545438
0.474852448
0.477603511
0.483267465
0.493786236
0.498641053
0.498155572
0.490549691
0.480354574
0.472263212
0.473234176
0.478412647
0.483105638
0.493624409
0.494433545
0.489416900
0.485047564
0.473396003
0.472101385
0.475823412
0.481811020
0.491520654
0.499773844
0.496375472
0.486342182
0.479869093
0.473234176
0.474852448
0.482781983
0.487474973
0.497184608
0.497993744
0.491520654
0.482134674
0.474366966
0.470483112
0.474528794
0.480030920
0.491358827
0.491844309
0.491035173
0.485209392
0.477927166
0.475014275
0.478412647
0.482296501
0.491844309
0.495404508
0.494919027
0.487151319
0.481001883
0.474852448
0.475014275
0.476147066
0.483752947
0.490064209
0.491358827
0.488122282
0.481649192
0.475337930
0.473396003
0.475661584
0.485371219
0.492653445
0.496213645
0.495080854
0.490226036
0.480840056
0.477118029
0.476956202
0.480354574
0.488931418
0.495242681
0.493786236
0.488445937
0.480516402
0.473072348
0.470159458
0.473881485
0.485371219
0.493624409
0.495889990
0.494919027
0.487798628
0.480840056
0.476308893
0.479383611
0.483914774
0.491197000
0.495728163
0.495080854
0.487151319
0.479221784
0.474528794
0.473557830
0.484400255
0.487636800
0.496051817
0.495566336
0.492815272
0.485209392
0.479869093
0.476470720
0.478412647
0.482134674
0.490064209
0.495404508
0.490873345
0.485047564
0.478574475
0.474690621
0.476956202
0.483429292
0.486180355
0.492167963
0.491035173
0.486989491
0.479059956
0.477279857
0.476470720
0.479707265
0.488445937
0.495404508
0.495242681
0.489740555
0.484723910
0.477441684
0.476470720
0.479059956
0.484562083
0.492329791
0.494595372
0.492006136
0.483914774
0.477765338
0.474366966
0.478736302
0.484723910
0.491358827
0.492329791
0.490064209
0.485694873
0.478250820
0.476147066
0.478088993
0.480030920
0.486018528
0.492167963
0.491197000
0.486180355
0.479059956
0.475499757
0.472425039
0.476956202
0.485371219
0.493624409
0.492329791
0.488931418
0.484400255
0.476470720
0.475337930
0.478088993
0.488122282
0.495080854
0.498479226
0.493462581
0.489416900
0.480516402
0.474690621
0.475176103
0.482458329
0.490873345
0.495080854
0.496213645
0.487474973
0.481325538
0.475499757
0.473719657
0.475661584
0.491197000
0.496213645
0.496699126
0.493786236
0.484238428
0.477118029
0.474043312
0.477279857
0.483752947
0.490549691
0.493948063
0.490387864
0.485209392
0.476308893
0.473072348
0.474528794
0.481487365
0.491035173
0.498479226
0.495566336
0.491035173
0.482781983
0.475985239
0.476956202
0.482296501
0.487313146
0.495404508
0.496699126
0.492167963
0.481325538
0.473234176
0.473557830
0.476147066
0.481811020
0.492167963
0.494757199
0.494595372
0.486342182
0.475985239
0.471454076
0.474690621
0.481163711
0.489740555
0.496860954
0.495566336
0.489255073
0.479545438
0.472263212
0.474043312
0.476632548
0.485371219
0.492977100
0.495404508
0.489902382
0.481811020
0.479869093
0.477765338
0.476308893
0.483267465
0.492329791
0.498317399
0.495404508
0.484562083
0.479221784
0.475014275
0.479545438
0.483429292
0.491358827
0.494757199
0.494757199
0.487151319
0.480840056
0.472263212
0.473719657
0.480030920
0.487313146
0.493462581
0.498155572
0.489740555
0.479707265
0.474205139
0.475661584
0.478088993
0.487474973
0.493462581
0.493300754
0.493948063
0.486180355
0.477279857
0.475014275
0.478574475
0.483267465
0.492167963
0.494757199
0.491035173
0.483105638
0.478412647
0.473234176
0.475014275
0.479221784
0.486504010
0.493786236
0.494757199
0.492815272
0.483752947
0.479059956
0.481163711
0.480840056
0.486827664
0.494271718
0.492977100
0.488769591
0.481325538
0.472425039
0.472425039
0.479707265
0.488445937
0.493624409
0.499935671
0.496213645
0.489740555
0.481649192
0.476147066
0.479059956
0.484885737
0.489740555
0.493462581
0.491682482
0.484723910
0.475176103
0.471292249
0.473557830
0.479707265
0.487313146
0.494109890
0.495080854
0.489578727
0.481325538
0.479221784
0.476147066
0.480030920
0.485209392
0.491358827
0.495566336
0.490873345
0.483914774
0.476308893
0.473557830
0.474043312
0.479869093
0.488607764
0.492815272
0.494919027
0.488607764
0.479545438
0.473396003
0.480840056
0.484723910
0.492815272
0.494595372
0.494109890
0.491035173
0.481972847
0.476308893
0.473719657
0.477927166
0.484885737
0.493462581
0.494433545
0.490711518
0.485047564
0.475176103
0.474690621
0.475823412
0.481811020
0.492167963
0.494757199
0.493462581
0.485209392
0.477279857
0.472425039
0.476147066
0.481001883
0.492977100
0.495889990
0.497346435
0.490064209
0.480030920
0.473719657
0.474366966
0.480840056
0.486018528
0.494109890
0.494757199
0.489255073
0.480192747
0.474043312
0.475499757
0.477765338
0.487474973
0.493948063
0.496699126
0.493138927
0.486989491
0.478736302
0.476470720
0.479059956
0.486665837
0.491520654
0.493138927
0.491035173
0.485047564
0.477765338
0.474366966
0.473881485
0.480354574
0.488284109
0.494109890
0.494109890
0.488931418
0.483429292
0.477603511
0.479059956
0.483591119
0.489578727
0.497993744
0.495242681
0.490226036
0.482781983
0.476632548
0.474205139
0.477279857
0.484885737
0.491197000
0.495566336
0.494595372
0.486989491
0.481163711
0.476147066
0.476956202
0.483429292
0.490873345
0.497022781
0.499126535
0.491520654
0.480192747
0.474690621
0.471454076
0.476794375
0.486018528
0.493300754
0.497346435
0.496051817
0.491358827
0.480516402
0.475176103
0.474366966
0.481001883
0.491197000
0.497993744
0.499450190
0.491520654
0.484400255
0.475985239
0.476147066
0.479221784
0.489416900
0.496051817
0.501068462
0.497508263
0.489902382
0.480030920
0.474690621
0.479383611
0.485856701
0.495404508
0.503334044
0.500906635
0.492653445
0.478574475
0.472910521
0.471777730
0.475176103
0.489093246
0.499612017
0.498964708
0.497993744
0.485856701
0.473396003
0.472910521
0.476632548
0.483752947
0.496051817
0.499288362
0.497670090
0.488607764
0.475661584
0.473072348
0.472586867
0.478574475
0.488931418
0.496213645
0.497508263
0.492977100
0.482781983
0.475985239
0.472425039
0.476956202
0.486018528
0.493300754
0.497670090
0.494919027
0.486989491
0.478574475
0.472263212
0.472425039
0.480192747
0.494433545
0.497993744
0.498317399
0.493786236
0.485533046
0.477927166
0.478412647
0.481325538
0.489255073
0.496537299
0.496537299
0.493948063
0.486018528
0.474366966
0.470159458
0.475337930
0.480192747
0.489740555
0.496537299
0.495889990
0.490549691
0.482458329
0.477279857
0.474528794
0.481649192
0.491197000
0.497184608
0.496699126
0.488931418
0.481001883
0.475014275
0.471615903
0.474043312
0.482943810
0.492491618
0.498964708
0.495728163
0.487960455
0.479869093
0.475176103
0.479221784
0.486989491
0.492815272
0.497993744
0.497670090
0.491358827
0.482134674
0.474852448
0.474852448
0.479869093
0.488445937
0.494109890
0.491844309
0.490387864
0.483267465
0.477765338
0.473881485
0.479059956
0.486018528
0.491844309
0.497993744
0.494433545
0.487151319
0.483105638
0.478088993
0.478736302
0.486180355
0.492815272
0.500421153
0.495242681
0.488122282
0.482296501
0.474690621
0.477603511
0.480516402
0.489578727
0.494109890
0.494757199
0.490226036
0.480516402
0.476632548
0.473396003
0.477118029
0.486665837
0.494919027
0.498479226
0.496213645
0.486342182
0.478088993
0.476470720
0.476308893
0.486180355
0.494433545
0.497670090
0.495728163
0.489578727
0.480192747
0.476632548
0.476794375
0.483267465
0.490387864
0.499126535
0.501392117
0.497022781
0.489740555
0.481163711
0.477765338
0.480192747
0.488769591
0.495889990
0.501392117
0.499612017
0.490064209
0.482781983
0.475014275
0.476147066
0.481487365
0.490064209
0.496699126
0.497993744
0.491358827
0.485209392
0.481325538
0.480030920
0.481811020
0.490873345
0.500906635
0.500097499
0.497670090
0.487636800
0.475985239
0.472425039
0.471939558
0.483429292
0.492653445
0.498802881
0.498155572
0.491844309
0.479707265
0.475014275
0.476470720
0.484723910
0.492006136
0.495404508
0.501553944
0.491035173
0.486018528
0.474690621
0.472263212
0.475985239
0.485371219
0.491520654
0.500097499
0.494271718
0.486342182
0.479221784
0.474205139
0.475661584
0.482943810
0.491520654
0.497346435
0.497022781
0.487636800
0.480354574
0.475661584
0.475985239
0.480192747
0.486827664
0.491844309
0.494595372
0.489740555
0.484400255
0.476632548
0.475985239
0.481325538
0.489255073
0.494595372
0.495566336
0.490873345
0.483752947
0.477765338
0.477118029
0.479545438
0.485209392
0.492167963
0.495404508
0.494595372
0.484238428
0.479221784
0.476794375
0.476147066
0.482943810
0.492167963
0.492167963
0.492653445
0.487474973
0.479383611
0.474690621
0.474205139
0.480516402
0.488607764
0.493786236
0.494757199
0.491197000
0.483914774
0.476308893
0.477927166
0.481325538
0.486180355
0.492815272
0.495728163
0.493624409
0.485047564
0.476794375
0.474366966
0.475337930
0.481811020
0.489093246
0.494109890
0.492653445
0.487474973
0.480678229
0.474852448
0.479869093
0.481811020
0.490226036
0.497670090
0.496051817
0.496213645
0.487313146
0.479545438
0.480030920
0.478574475
0.485047564
0.492167963
0.494109890
0.490064209
0.485209392
0.477765338
0.477441684
0.479221784
0.485371219
0.492977100
0.500906635
0.499612017
0.487313146
0.482620156
0.476308893
0.475337930
0.481972847
0.492491618
0.496537299
0.497346435
0.488769591
0.481163711
0.475661584
0.475014275
0.479383611
0.487798628
0.498964708
0.500906635
0.492329791
0.483429292
0.476147066
0.473719657
0.477441684
0.485856701
0.492977100
0.493948063
0.490549691
0.492167963
0.483914774
0.474366966
0.476147066
0.483591119
0.493300754
0.495242681
0.494595372
0.488445937
0.478250820
0.476956202
0.474043312
0.478088993
0.486989491
0.499612017
0.494433545
0.491682482
0.483914774
0.478250820
0.475823412
0.480030920
0.486018528
0.492815272
0.496537299
0.493948063
0.487313146
0.475014275
0.470968594
0.474205139
0.480678229
0.492653445
0.494433545
0.492006136
0.486665837
0.479059956
0.472748694
0.475337930
0.480840056
0.489093246
0.497831917
0.499450190
0.492815272
0.482781983
0.477927166
0.477603511
0.480516402
0.485856701
0.492491618
0.494757199
0.492815272
0.484400255
0.477441684
0.477927166
0.479545438
0.490387864
0.496051817
0.499612017
0.494757199
0.488607764
0.476956202
0.474528794
0.476147066
0.482781983
0.487636800
0.492653445
0.494271718
0.486180355
0.478574475
0.474528794
0.471777730
0.480840056
0.489578727
0.495242681
0.493786236
0.490064209
0.485371219
0.479059956
0.476956202
0.481163711
0.487636800
0.494109890
0.496051817
0.491682482
0.486342182
0.475661584
0.473557830
0.475661584
0.481811020
0.489093246
0.494757199
0.497508263
0.488284109
0.479869093
0.474205139
0.477603511
0.478574475
0.489578727
0.495728163
0.494757199
0.487798628
0.482458329
0.473396003
0.471939558
0.478250820
0.483429292
0.495242681
0.496699126
0.491520654
0.483267465
0.478574475
0.474366966
0.478088993
0.486018528
0.495404508
0.497508263
0.494757199
0.489740555
0.477927166
0.477603511
0.474690621
0.481001883
0.487151319
0.496860954
0.493786236
0.486504010
0.478736302
0.472748694
0.472101385
0.478088993
0.487960455
0.494109890
0.495566336
0.491035173
0.485533046
0.475014275
0.471939558
0.478574475
0.486180355
0.489902382
0.496537299
0.492977100
0.486665837
0.477927166
0.471292249
0.474205139
0.479869093
0.490549691
0.494919027
0.494757199
0.486342182
0.477765338
0.475014275
0.472910521
0.478412647
0.486665837
0.493138927
0.498802881
0.492815272
0.483914774
0.476308893
0.470806767
0.474852448
0.485371219
0.492006136
0.497508263
0.494109890
0.486018528
0.475985239
0.472910521
0.471777730
0.480192747
0.488445937
0.497022781
0.497670090
0.491358827
0.479221784
0.473719657
0.476794375
0.482134674
0.485047564
0.495242681
0.497831917
0.495566336
0.485371219
0.476470720
0.472101385
0.471777730
0.479383611
0.488445937
0.497184608
0.496537299
0.491358827
0.480192747
0.471777730
0.471615903
0.477765338
0.488284109
0.494757199
0.496537299
0.492006136
0.484723910
0.472101385
0.470806767
0.474852448
0.480030920
0.489255073
0.497184608
0.494109890
0.486989491
0.479545438
0.475823412
0.474043312
0.480678229
0.488931418
0.494595372
0.497508263
0.493300754
0.480192747
0.474852448
0.470644940
0.477279857
0.486180355
0.493138927
0.498802881
0.492653445
0.485047564
0.475499757
0.470483112
0.475176103
0.482781983
0.492653445
0.497993744
0.495080854
0.488284109
0.479059956
0.472586867
0.472586867
0.476956202
0.485209392
0.496860954
0.502363080
0.491358827
0.485209392
0.475337930
0.470321285
0.479545438
0.484562083
0.492167963
0.499935671
0.496375472
0.490064209
0.477927166
0.472101385
0.475823412
0.479221784
0.488607764
0.497670090
0.496213645
0.492815272
0.483429292
0.474366966
0.471939558
0.475823412
0.485533046
0.494109890
0.495889990
0.493624409
0.484076601
0.477603511
0.472586867
0.477765338
0.481972847
0.493300754
0.498479226
0.498479226
0.487474973
0.481487365
0.471615903
0.481163711
0.477441684
0.485533046
0.495242681
0.496051817
0.490873345
0.481325538
0.478088993
0.471615903
0.476632548
0.485533046
0.493138927
0.498317399
0.493462581
0.486018528
0.479707265
0.475337930
0.475499757
0.486827664
0.488122282
0.495889990
0.495080854
0.489093246
0.480192747
0.474528794
0.474690621
0.476956202
0.485533046
0.490711518
0.494433545
0.489578727
0.485209392
0.476956202
0.476956202
0.479707265
0.486180355
0.494919027
0.494595372
0.496213645
0.486504010
0.477279857
0.473719657
0.476632548
0.480354574
0.488769591
0.494433545
0.493462581
0.486989491
0.479869093
0.474852448
0.473072348
0.480192747
0.489416900
0.495080854
0.498155572
0.492329791
0.486180355
0.476956202
0.475337930
0.474852448
0.482458329
0.493300754
0.494757199
0.492491618
0.485047564
0.477441684
0.470644940
0.473719657
0.479707265
0.489578727
0.495889990
0.494757199
0.492329791
0.484723910
0.477765338
0.475499757
0.479059956
0.487960455
0.494271718
0.496860954
0.489578727
0.484562083
0.477927166
0.474528794
0.477118029
0.484562083
0.491844309
0.497022781
0.495080854
0.490873345
0.482458329
0.475823412
0.478412647
0.479221784
0.486018528
0.491520654
0.494433545
0.489740555
0.484400255
0.474852448
0.473719657
0.474366966
0.482458329
0.493948063
0.495566336
0.493786236
0.484562083
0.478898129
0.474852448
0.477118029
0.482781983
0.490873345
0.495889990
0.493300754
0.487151319
0.478898129
0.474852448
0.474366966
0.482458329
0.487151319
0.493300754
0.496375472
0.493138927
0.482781983
0.474528794
0.477279857
0.480516402
0.485694873
0.493138927
0.494757199
0.489740555
0.482781983
0.480354574
0.474852448
0.475014275
0.483591119
0.490873345
0.493786236
0.491844309
0.484562083
0.479869093
0.475499757
0.479059956
0.484723910
0.490549691
0.493462581
0.492653445
0.486827664
0.481649192
0.477118029
0.478412647
0.480192747
0.488931418
0.495080854
0.495566336
0.490873345
0.485533046
0.474690621
0.474205139
0.477279857
0.489255073
0.490387864
0.495404508
0.489902382
0.483591119
0.473881485
0.472263212
0.476470720
0.485047564
0.491844309
0.497346435
0.494433545
0.487474973
0.480840056
0.474366966
0.475014275
0.478574475
0.486180355
0.496051817
0.494109890
0.488445937
0.482134674
0.474852448
0.474690621
0.477927166
0.486018528
0.494919027
0.496860954
0.493300754
0.485694873
0.477765338
0.473072348
0.482620156
0.486018528
0.492653445
0.497670090
0.491197000
0.485047564
0.479869093
0.473881485
0.474043312
0.480840056
0.490064209
0.493624409
0.493948063
0.491844309
0.481325538
0.475176103
0.472910521
0.477603511
0.488122282
0.493786236
0.497831917
0.492653445
0.487151319
0.476470720
0.475337930
0.476632548
0.484238428
0.490064209
0.495080854
0.491520654
0.487960455
0.480678229
0.473396003
0.473072348
0.476632548
0.486989491
0.492329791
0.490549691
0.486827664
0.478898129
0.478250820
0.474205139
0.480030920
0.490711518
0.493300754
0.494433545
0.492006136
0.482781983
0.477927166
0.475014275
0.480354574
0.484562083
0.491197000
0.494595372
0.490873345
0.486342182
0.480516402
0.475014275
0.477279857
0.481811020
0.490549691
0.493300754
0.493462581
0.486180355
0.480516402
0.479869093
0.481972847
0.480840056
0.488122282
0.493462581
0.494595372
0.488769591
0.478736302
0.472586867
0.472748694
0.483105638
0.486504010
0.493786236
0.492653445
0.489578727
0.483105638
0.477765338
0.476956202
0.479059956
0.486018528
0.491844309
0.496537299
0.490873345
0.484723910
0.474852448
0.475337930
0.476956202
0.481001883
0.495080854
0.496699126
0.493300754
0.483914774
0.478736302
0.474043312
0.473557830
0.480516402
0.487960455
0.495080854
0.495889990
0.486665837
0.478898129
0.475823412
0.469997631
0.477279857
0.485209392
0.493786236
0.496537299
0.490387864
0.480516402
0.476147066
0.472101385
0.475985239
0.481163711
0.492006136
0.498641053
0.499612017
0.488769591
0.478250820
0.473557830
0.473396003
0.479545438
0.489740555
0.494109890
0.501877598
0.490226036
0.483591119
0.477441684
0.471939558
0.477118029
0.484400255
0.492329791
0.496537299
0.493300754
0.481325538
0.476147066
0.474366966
0.473881485
0.482781983
0.488769591
0.494757199
0.493462581
0.490711518
0.482620156
0.472263212
0.475985239
0.483752947
0.491358827
0.494109890
0.494757199
0.490711518
0.483105638
0.477927166
0.476308893
0.483267465
0.489740555
0.493624409
0.495566336
0.487960455
0.484562083
0.475661584
0.472748694
0.479221784
0.481163711
0.488931418
0.492977100
0.490873345
0.486827664
0.476956202
0.472910521
0.472748694
0.478898129
0.488284109
0.493300754
0.492977100
0.489416900
0.483752947
0.476308893
0.473719657
0.479707265
0.484562083
0.489740555
0.496375472
0.488931418
0.484562083
0.476308893
0.474205139
0.476956202
0.480516402
0.487636800
0.491682482
0.491682482
0.484885737
0.477927166
0.474205139
0.474205139
0.480678229
0.486827664
0.491035173
0.493786236
0.486342182
0.478898129
0.475176103
0.474043312
0.476308893
0.486342182
0.493948063
0.494271718
0.489093246
0.483914774
0.477279857
0.473557830
0.478088993
0.482620156
0.490711518
0.495242681
0.494109890
0.488607764
0.479221784
0.474690621
0.473719657
0.480192747
0.487636800
0.493948063
0.493624409
0.492815272
0.483429292
0.476632548
0.473072348
0.476147066
0.481649192
0.490549691
0.493786236
0.491035173
0.483914774
0.474205139
0.472425039
0.472748694
0.477118029
0.484885737
0.492329791
0.491358827
0.490064209
0.479059956
0.473072348
0.471454076
0.476794375
0.483105638
0.492815272
0.494109890
0.490226036
0.482781983
0.476956202
0.469997631
0.473072348
0.480030920
0.488607764
0.495404508
0.492329791
0.486018528
0.477279857
0.471454076
0.473072348
0.478574475
0.485856701
0.492491618
0.495242681
0.489255073
0.481972847
0.475176103
0.468703013
0.475985239
0.482458329
0.486018528
0.492006136
0.489902382
0.486989491
0.477765338
0.471777730
0.472748694
0.477279857
0.486180355
0.491358827
0.493624409
0.493462581
0.480678229
0.477279857
0.474528794
0.480678229
0.485371219
0.494433545
0.496051817
0.495080854
0.485533046
0.478736302
0.474690621
0.476794375
0.483914774
0.487636800
0.492815272
0.492815272
0.485047564
0.480516402
0.471292249
0.472910521
0.476308893
0.485371219
0.493462581
0.493948063
0.488607764
0.478088993
0.475014275
0.475337930
0.476308893
0.483429292
0.491682482
0.493786236
0.488931418
0.482296501
0.472425039
0.472101385
0.474366966
0.483267465
0.491358827
0.492006136
0.494595372
0.487313146
0.476470720
0.470483112
0.471939558
0.477603511
0.485856701
0.492815272
0.492329791
0.490549691
0.481001883
0.474043312
0.472586867
0.472101385
0.481649192
0.487474973
0.492006136
0.490711518
0.481487365
0.473719657
0.469997631
0.476470720
0.481811020
0.487960455
0.492167963
0.492653445
0.490064209
0.481487365
0.476147066
0.479059956
0.482296501
0.489255073
0.493624409
0.495566336
0.490387864
0.485371219
0.477279857
0.473719657
0.476308893
0.481811020
0.488445937
0.493462581
0.491682482
0.485047564
0.478412647
0.472263212
0.474043312
0.478574475
0.489416900
0.492167963
0.494433545
0.492006136
0.481811020
0.476147066
0.473881485
0.477927166
0.483914774
0.493300754
0.494271718
0.490549691
0.484076601
0.476632548
0.472748694
0.474205139
0.479707265
0.490064209
0.493786236
0.492491618
0.486342182
0.478088993
0.475014275
0.474043312
0.480192747
0.486665837
0.491844309
0.491035173
0.487474973
0.482296501
0.472586867
0.473881485
0.475014275
0.482134674
0.488445937
0.490711518
0.488284109
0.481972847
0.476308893
0.473557830
0.476147066
0.481972847
0.491520654
0.494757199
0.492977100
0.484400255
0.476794375
0.473881485
0.473719657
0.482134674
0.489740555
0.496699126
0.494919027
0.489902382
0.480840056
0.475499757
0.475337930
0.477765338
0.487313146
0.495566336
0.496537299
0.491844309
0.483914774
0.482296501
0.475985239
0.478088993
0.482296501
0.489902382
0.495566336
0.492815272
0.487636800
0.481811020
0.474043312
0.475823412
0.478898129
0.486180355
0.494109890
0.489578727
0.488931418
0.479545438
0.476794375
0.475337930
0.478250820
0.487798628
0.491682482
0.493624409
0.488769591
0.481325538
0.475499757
0.476308893
0.475661584
0.482458329
0.488607764
0.492653445
0.492167963
0.486989491
0.478736302
0.476308893
0.477279857
0.482296501
0.489255073
0.495080854
0.496213645
0.487798628
0.477765338
0.470483112
0.470968594
0.478250820
0.482134674
0.491035173
0.489093246
0.484885737
0.480678229
0.475014275
0.472748694
0.477927166
0.485047564
0.492329791
0.496213645
0.494919027
0.486342182
0.482134674
0.477118029
0.478088993
0.482943810
0.487798628
0.490711518
0.491035173
0.489416900
0.480678229
0.472910521
0.473557830
0.482134674
0.485533046
0.494433545
0.493624409
0.488122282
0.480840056
0.476794375
0.478250820
0.478574475
0.486989491
0.495404508
0.493948063
0.493138927
0.482781983
0.475985239
0.473234176
0.481972847
0.487960455
0.492977100
0.494919027
0.495080854
0.485371219
0.476470720
0.478250820
0.476308893
0.482620156
0.490064209
0.494919027
0.495404508
0.487313146
0.475985239
0.473072348
0.473234176
0.478574475
0.488931418
0.490387864
0.492329791
0.485533046
0.476470720
0.470806767
0.472910521
0.473881485
0.482458329
0.491197000
0.492006136
0.491358827
0.481325538
0.471939558
0.472425039
0.473072348
0.481649192
0.490873345
0.498155572
0.497184608
0.487798628
0.475499757
0.469997631
0.476470720
0.479707265
0.485694873
0.491520654
0.493138927
0.490226036
0.479545438
0.472101385
0.471130421
0.477927166
0.486342182
0.492167963
0.495242681
0.488607764
0.483429292
0.474528794
0.473234176
0.473719657
0.480678229
0.489093246
0.495242681
0.492491618
0.488607764
0.477441684
0.471454076
0.475337930
0.478412647
0.488607764
0.492815272
0.497993744
0.489902382
0.482296501
0.474043312
0.477603511
0.480192747
0.483914774
0.492653445
0.494919027
0.491682482
0.484562083
0.477603511
0.472263212
0.478898129
0.482296501
0.487960455
0.494919027
0.493624409
0.486504010
0.476794375
0.476147066
0.474852448
0.477441684
0.484076601
0.493462581
0.492491618
0.484562083
0.476956202
0.470644940
0.470644940
0.476956202
0.485209392
0.491197000
0.493300754
0.490064209
0.482458329
0.474852448
0.476308893
0.477118029
0.482134674
0.486665837
0.495404508
0.491197000
0.484076601
0.477441684
0.470968594
0.476956202
0.479545438
0.486989491
0.489416900
0.491682482
0.487636800
0.481811020
0.478898129
0.473557830
0.477765338
0.485209392
0.491035173
0.494757199
0.491520654
0.482134674
0.478088993
0.471939558
0.479869093
0.483591119
0.488607764
0.495566336
0.495080854
0.489093246
0.480840056
0.474690621
0.477603511
0.481972847
0.489255073
0.492653445
0.492815272
0.492653445
0.480516402
0.475337930
0.474852448
0.485209392
0.490064209
0.496213645
0.496051817
0.490549691
0.486342182
0.475823412
0.472263212
0.477279857
0.480192747
0.487313146
0.494595372
0.491197000
0.484076601
0.473557830
0.473072348
0.477279857
0.481972847
0.488122282
0.494271718
0.493786236
0.487636800
0.483105638
0.477118029
0.474366966
0.481972847
0.484562083
0.491520654
0.488284109
0.487960455
0.479869093
0.476308893
0.471939558
0.477927166
0.485047564
0.488122282
0.497993744
0.494757199
0.486827664
0.477765338
0.474205139
0.476956202
0.482458329
0.487798628
0.493624409
0.487798628
0.484238428
0.479545438
0.475985239
0.472586867
0.477118029
0.489255073
0.495080854
0.500906635
0.489902382
0.482620156
0.477118029
0.472748694
0.475823412
0.483105638
0.492815272
0.495080854
0.495404508
0.484238428
0.475661584
0.476794375
0.473072348
0.482620156
0.488284109
0.493300754
0.495566336
0.491197000
0.483105638
0.475499757
0.478898129
0.476147066
0.485533046
0.493138927
0.496537299
0.489093246
0.482620156
0.475985239
0.473719657
0.475337930
0.477603511
0.487474973
0.491682482
0.492167963
0.488769591
0.481487365
0.473396003
0.477603511
0.483914774
0.488931418
0.489902382
0.493786236
0.487313146
0.482458329
0.473719657
0.472101385
0.475014275
0.481487365
0.487798628
0.492815272
0.493462581
0.484723910
0.478574475
0.472748694
0.476632548
0.478088993
0.485209392
0.494433545
0.489902382
0.483105638
0.477603511
0.474366966
0.478250820
0.482943810
0.489578727
0.494433545
0.497184608
0.488607764
0.482134674
0.475823412
0.470644940
0.473396003
0.484723910
0.486989491
0.490064209
0.490549691
0.483267465
0.476308893
0.470483112
0.472586867
0.476956202
0.488607764
0.496699126
0.493138927
0.490226036
0.481972847
0.478736302
0.473072348
0.476470720
0.485047564
0.489902382
0.493300754
0.491035173
0.487636800
0.480192747
0.472748694
0.470483112
0.481325538
0.486827664
0.494757199
0.493948063
0.492329791
0.484885737
0.476308893
0.474043312
0.475985239
0.483267465
0.490873345
0.494109890
0.493300754
0.478898129
0.472101385
0.466599259
0.471939558
0.477927166
0.490387864
0.491035173
0.491844309
0.485371219
0.478088993
0.472586867
0.474366966
0.482296501
0.484400255
0.492167963
0.491035173
0.487313146
0.478898129
0.473396003
0.472425039
0.479707265
0.482458329
0.488445937
0.490711518
0.487313146
0.481487365
0.478898129
0.476470720
0.479707265
0.484562083
0.486665837
0.489902382
0.485856701
0.483591119
0.474852448
0.474043312
0.478736302
0.478250820
0.485694873
0.491844309
0.495404508
0.486665837
0.479221784
0.478088993
0.473557830
0.477279857
0.483591119
0.488931418
0.489255073
0.486989491
0.485209392
0.474690621
0.473234176
0.474205139
0.481811020
0.494919027
0.493138927
0.491358827
0.487636800
0.487474973
0.482458329
0.479869093
0.484400255
0.487636800
0.490873345
0.494757199
0.483429292
0.478898129
0.470159458
0.476794375
0.473719657
0.484076601
0.490064209
0.491844309
0.488931418
0.488284109
0.477118029
0.474366966
0.477441684
0.479707265
0.494109890
0.498964708
0.494271718
0.487960455
0.479383611
0.473396003
0.472586867
0.481325538
0.486018528
0.496699126
0.495889990
0.490549691
0.484076601
0.475499757
0.477279857
0.476794375
0.481487365
0.489093246
0.491520654
0.488445937
0.481163711
0.473396003
0.471939558
0.472101385
0.482781983
0.489093246
0.490387864
0.491035173
0.486665837
0.479545438
0.469188495
0.473234176
0.478250820
0.483914774
0.490711518
0.497508263
0.487474973
0.478736302
0.473072348
0.474205139
0.480192747
0.485694873
0.492977100
0.496213645
0.494271718
0.485694873
0.478088993
0.478412647
0.478250820
0.482296501
0.494757199
0.493462581
0.491682482
0.484885737
0.474528794
0.474366966
0.472748694
0.479869093
0.485209392
0.492653445
0.495728163
0.489255073
0.476147066
0.472586867
0.476470720
0.478736302
0.489902382
0.494757199
0.491197000
0.491844309
0.477118029
0.474205139
0.470806767
0.474690621
0.486180355
0.494109890
0.496051817
0.491358827
0.484400255
0.478898129
0.469350322
0.473396003
0.482134674
0.488445937
0.493624409
0.490064209
0.487798628
0.478250820
0.469188495
0.471130421
0.477118029
0.484400255
0.496051817
0.492653445
0.488607764
0.477441684
0.477279857
0.472101385
0.475337930
0.490387864
0.493462581
0.493624409
0.488122282
0.481811020
0.472263212
0.470968594
0.479221784
0.486180355
0.488284109
0.497184608
0.490387864
0.481325538
0.476632548
0.476470720
0.475661584
0.487474973
0.490064209
0.493138927
0.494433545
0.492329791
0.476632548
0.470483112
0.470806767
0.483591119
0.491358827
0.489740555
0.492006136
0.491197000
0.478898129
0.478574475
0.470483112
0.477441684
0.483267465
0.493948063
0.494919027
0.494595372
0.483752947
0.472101385
0.469997631
0.476147066
0.480678229
0.485694873
0.493300754
0.498155572
0.486018528
0.484562083
0.475176103
0.475823412
0.479869093
0.486827664
0.497993744
0.495404508
0.489416900
0.480192747
0.473719657
0.472910521
0.473881485
0.490226036
0.492006136
0.491520654
0.490711518
0.483752947
0.474690621
0.473396003
0.476956202
0.483267465
0.493300754
0.493786236
0.490064209
0.485694873
0.478088993
0.471454076
0.469673976
0.478088993
0.489255073
0.496537299
0.493786236
0.487151319
0.480354574
0.474205139
0.477279857
0.477765338
0.483429292
0.491520654
0.499126535
0.489740555
0.478736302
0.472748694
0.469673976
0.474690621
0.486665837
0.487798628
0.492491618
0.496375472
0.483429292
0.477441684
0.474043312
0.477118029
0.478412647
0.485371219
0.496051817
0.494109890
0.487151319
0.476956202
0.474852448
0.471777730
0.475661584
0.485533046
0.489416900
0.490873345
0.493786236
0.478898129
0.472586867
0.475014275
0.483429292
0.485856701
0.491520654
0.497831917
0.492167963
0.485694873
0.474528794
0.471939558
0.472910521
0.480192747
0.486827664
0.496699126
0.491844309
0.488284109
0.477279857
0.477279857
0.471777730
0.478574475
0.485209392
0.490711518
0.498155572
0.487798628
0.480192747
0.478250820
0.467893877
0.470159458
0.479221784
0.487798628
0.497184608
0.491682482
0.482781983
0.472910521
0.470806767
0.473881485
0.478898129
0.486342182
0.493624409
0.494109890
0.488284109
0.477118029
0.470644940
0.469997631
0.474690621
0.481649192
0.492329791
0.492329791
0.487960455
0.481811020
0.473234176
0.470483112
0.472101385
0.481487365
0.488122282
0.495080854
0.490873345
0.483429292
0.476794375
0.471292249
0.469350322
0.478412647
0.485694873
0.490711518
0.492815272
0.489416900
0.479221784
0.474043312
0.473072348
0.477765338
0.485371219
0.491035173
0.491035173
0.489740555
0.484238428
0.476956202
0.470159458
0.477603511
0.479869093
0.488284109
0.492653445
0.491358827
0.488122282
0.483591119
0.473719657
0.476956202
0.479383611
0.486665837
0.491197000
0.494271718
0.492006136
0.483914774
0.474043312
0.471615903
0.472748694
0.481649192
0.484238428
0.492977100
0.489740555
0.483105638
0.473719657
0.471292249
0.472910521
0.480516402
0.486342182
0.493300754
0.492977100
0.487636800
0.475985239
0.475823412
0.472425039
0.476308893
0.483914774
0.489093246
0.490711518
0.487798628
0.482296501
0.479221784
0.476470720
0.474366966
0.478898129
0.486665837
0.490711518
0.489416900
0.485856701
0.484076601
0.473396003
0.474366966
0.482458329
0.486180355
0.489416900
0.491197000
0.487474973
0.481811020
0.474366966
0.472425039
0.476147066
0.482620156
0.492167963
0.490711518
0.489578727
0.483105638
0.475661584
0.477279857
0.474366966
0.481811020
0.485209392
0.493462581
0.496699126
0.485209392
0.478412647
0.470644940
0.475985239
0.480840056
0.485371219
0.495404508
0.492491618
0.489255073
0.479059956
0.476308893
0.471939558
0.475499757
0.481163711
0.488445937
0.491197000
0.486504010
0.488931418
0.478250820
0.470644940
0.473072348
0.476147066
0.487151319
0.489740555
0.491844309
0.486504010
0.478574475
0.476147066
0.468864840
0.474690621
0.482943810
0.488445937
0.492006136
0.487636800
0.480516402
0.479383611
0.470483112
0.473072348
0.478898129
0.486665837
0.494919027
0.492977100
0.481649192
0.472910521
0.474852448
0.474852448
0.477927166
0.490711518
0.490711518
0.495889990
0.488284109
0.479059956
0.474852448
0.472425039
0.475823412
0.483105638
0.489416900
0.490711518
0.487313146
0.481325538
0.476308893
0.469350322
0.472910521
0.477118029
0.486989491
0.492329791
0.493462581
0.487151319
0.475661584
0.472586867
0.473557830
0.477279857
0.486504010
0.490873345
0.494271718
0.489740555
0.483914774
0.475176103
0.469835804
0.472586867
0.477279857
0.489416900
0.494109890
0.491682482
0.481325538
0.474205139
0.472748694
0.473719657
0.475985239
0.488607764
0.493624409
0.492491618
0.487474973
0.477118029
0.471939558
0.470806767
0.474366966
0.479545438
0.486827664
0.493300754
0.490226036
0.479383611
0.472425039
0.467246568
0.470806767
0.477603511
0.490711518
0.491520654
0.489902382
0.483591119
0.477603511
0.470644940
0.471130421
0.478412647
0.485209392
0.491197000
0.492006136
0.487313146
0.477279857
0.470806767
0.468217531
0.472101385
0.479059956
0.487313146
0.491520654
0.487960455
0.482781983
0.475176103
0.474852448
0.470806767
0.478898129
0.487474973
0.493138927
0.492653445
0.485371219
0.476632548
0.471777730
0.470159458
0.476632548
0.483914774
0.488445937
0.491520654
0.486827664
0.480030920
0.473719657
0.470806767
0.476956202
0.481325538
0.488284109
0.494109890
0.492815272
0.484723910
0.477441684
0.472748694
0.472910521
0.478898129
0.487313146
0.491358827
0.487474973
0.482943810
0.477603511
0.472425039
0.470968594
0.474366966
0.482943810
0.485047564
0.493948063
0.484885737
0.479059956
0.472748694
0.472748694
0.477279857
0.483591119
0.490711518
0.497184608
0.489902382
0.481811020
0.473396003
0.474205139
0.473072348
0.482296501
0.488284109
0.489255073
0.486180355
0.480678229
0.474205139
0.476794375
0.474528794
0.479383611
0.487960455
0.490387864
0.489093246
0.486827664
0.480516402
0.472910521
0.473881485
0.477279857
0.481649192
0.486342182
0.487798628
