0.736850821
0.739925540
0.740087368
0.740087368
0.738954576
0.751253453
0.743647569
0.738469094
0.734747066
0.735879857
0.739925540
0.739278231
0.738630922
0.736688994
0.734585239
0.733452447
0.737174476
0.736850821
0.737821785
0.743809396
0.743162087
0.740087368
0.739601886
0.735879857
0.734908893
0.736041685
0.736365339
0.748502389
0.740734677
0.742029296
0.740249195
0.738145440
0.738792749
0.737012648
0.734585239
0.737174476
0.738307267
0.742676605
0.739440058
0.741220159
0.744456706
0.742191123
0.744942188
0.739763713
0.745104015
0.739925540
0.737659958
0.737012648
0.736365339
0.737821785
0.737174476
0.740572850
0.739925540
0.740249195
0.739116404
0.737174476
0.741381986
0.736365339
0.737012648
0.738307267
0.738954576
0.741867468
0.741058332
0.737659958
0.747207770
0.734261584
0.736203512
0.737336303
0.740087368
0.738792749
0.738469094
0.741058332
0.737983612
0.737659958
0.737498130
0.732643311
0.738469094
0.739116404
0.738630922
0.737821785
0.739925540
0.739925540
0.738954576
0.735556203
0.736203512
0.737659958
0.740896504
0.739278231
0.738792749
0.740411022
0.738792749
0.739278231
0.736527166
0.736688994
0.735718030
0.736850821
0.748016907
0.742029296
0.736527166
0.735879857
0.742676605
0.742029296
0.742191123
0.740411022
0.739925540
0.737983612
0.737336303
0.737983612
0.738145440
0.737821785
0.741381986
0.740249195
0.738307267
0.737336303
0.734908893
0.734908893
0.737498130
0.739763713
0.740087368
0.740249195
0.743162087
0.740087368
0.744294878
0.737983612
0.737012648
0.737336303
0.738630922
0.741867468
0.737983612
0.738469094
0.736365339
0.738145440
0.737498130
0.737983612
0.735718030
0.738954576
0.743971224
0.741058332
0.742029296
0.743323914
0.740896504
0.739925540
0.738307267
0.737012648
0.735556203
0.736850821
0.737659958
0.739763713
0.736203512
0.736527166
0.736688994
0.738145440
0.739116404
0.739116404
0.739925540
0.737174476
0.740572850
0.741543814
0.740896504
0.741867468
0.739601886
0.739601886
0.738792749
0.736041685
0.734099757
0.735394375
0.741058332
0.739925540
0.740411022
0.738469094
0.738792749
0.739601886
0.735394375
0.737174476
0.739601886
0.737498130
0.747045943
0.744942188
0.741220159
0.742514778
0.736850821
0.736365339
0.737336303
0.731510519
0.736365339
0.735718030
0.742029296
0.742029296
0.740411022
0.739601886
0.737174476
0.736203512
0.734261584
0.739763713
0.737336303
0.738792749
0.741543814
0.738307267
0.734908893
0.738145440
0.735879857
0.738145440
0.739116404
0.737659958
0.746398634
0.741058332
0.745265842
0.747045943
0.740249195
0.736041685
0.735556203
0.739763713
0.738145440
0.739601886
0.738469094
0.737821785
0.741867468
0.739440058
0.738954576
0.739925540
0.740411022
0.740087368
0.739925540
0.736041685
0.736688994
0.738792749
0.741058332
0.740572850
0.737821785
0.734908893
0.736041685
0.735718030
0.734747066
0.734423411
0.735070721
0.740249195
0.741867468
0.744456706
0.742029296
0.740572850
0.740411022
0.738469094
0.739763713
0.740896504
0.740087368
0.741543814
0.743485742
0.741381986
0.739278231
0.734747066
0.734585239
0.733776102
0.738954576
0.740087368
0.739278231
0.738792749
0.742676605
0.739116404
0.737498130
0.737012648
0.737659958
0.741543814
0.740249195
0.740411022
0.738792749
0.737821785
0.739440058
0.740087368
0.736688994
0.739116404
0.735232548
0.739440058
0.737983612
0.738954576
0.737659958
0.737821785
0.739278231
0.740734677
0.740734677
0.737498130
0.737498130
0.739116404
0.739763713
0.740734677
0.739925540
0.741058332
0.745265842
0.747855079
0.741543814
0.739440058
0.738630922
0.735879857
0.735394375
0.740572850
0.738954576
0.737174476
0.746398634
0.739601886
0.737012648
0.736850821
0.735879857
0.736688994
0.737659958
0.738954576
0.741705641
0.744294878
0.739601886
0.741543814
0.737174476
0.736688994
0.739601886
0.739925540
0.740572850
0.737821785
0.735070721
0.739278231
0.736365339
0.735232548
0.740896504
0.737983612
0.741543814
0.740734677
0.744133051
0.738630922
0.740734677
0.736527166
0.741381986
0.739278231
0.737659958
0.737012648
0.736365339
0.741058332
0.735556203
0.739601886
0.736527166
0.735394375
0.737983612
0.739763713
0.741867468
0.745589497
0.748340561
0.743162087
0.737012648
0.738307267
0.738469094
0.736850821
0.739925540
0.740896504
0.735879857
0.738630922
0.737012648
0.738630922
0.743971224
0.747369597
0.745913152
0.746398634
0.744456706
0.745265842
0.737659958
0.739601886
0.746398634
0.744780360
0.744294878
0.739601886
0.745265842
0.740411022
0.739925540
0.739763713
0.741543814
0.740411022
0.739440058
0.740411022
0.740411022
0.741543814
0.738145440
0.736850821
0.745265842
0.745589497
0.740734677
0.737821785
0.739116404
0.735556203
0.737498130
0.735232548
0.736850821
0.740087368
0.740734677
0.741381986
0.738954576
0.744294878
0.743485742
0.746398634
0.744942188
0.746884116
0.738630922
0.737659958
0.741381986
0.739601886
0.739278231
0.743971224
0.738145440
0.738145440
0.742838432
0.741381986
0.742676605
0.739440058
0.739440058
0.741705641
0.738307267
0.739763713
0.738145440
0.742676605
0.739116404
0.740411022
0.735394375
0.736365339
0.742676605
0.738307267
0.739278231
0.736850821
0.739278231
0.738954576
0.748826043
0.739440058
0.734585239
0.736850821
0.739440058
0.741381986
0.747531425
0.739116404
0.738792749
0.737659958
0.737498130
0.734423411
0.742352950
0.739440058
0.743647569
0.741381986
0.745104015
0.740411022
0.742676605
0.739278231
0.741058332
0.740087368
0.742514778
0.743809396
0.741543814
0.741543814
0.736203512
0.735556203
0.732157829
0.735394375
0.737821785
0.740087368
0.741867468
0.741867468
0.744942188
0.743162087
0.737821785
0.738145440
0.737498130
0.737983612
0.742029296
0.741220159
0.742029296
0.739116404
0.739116404
0.740411022
0.737336303
0.735394375
0.737983612
0.741058332
0.738307267
0.738145440
0.739601886
0.736041685
0.742029296
0.737983612
0.736041685
0.735394375
0.738307267
0.738145440
0.742676605
0.737498130
0.739440058
0.738792749
0.740896504
0.741543814
0.738469094
0.737821785
0.736527166
0.740572850
0.739116404
0.739278231
0.748178734
0.738307267
0.740249195
0.741381986
0.738954576
0.737012648
0.739440058
0.740087368
0.741867468
0.740411022
0.742838432
0.739925540
0.740572850
0.738469094
0.736365339
0.737498130
0.738145440
0.746398634
0.740411022
0.738630922
0.738954576
0.735718030
0.738630922
0.736688994
0.739278231
0.741543814
0.741058332
0.737336303
0.742029296
0.737821785
0.747045943
0.737821785
0.740572850
0.743485742
0.742352950
0.738954576
0.736527166
0.735879857
0.734747066
0.737498130
0.735718030
0.738469094
0.745589497
0.743323914
0.741543814
0.739116404
0.738954576
0.737821785
0.745913152
0.738145440
0.737498130
0.737012648
0.742029296
0.738792749
0.738307267
0.736850821
0.737498130
0.740249195
0.737983612
0.738145440
0.738954576
0.737336303
0.741867468
0.740572850
0.739440058
0.741705641
0.740249195
0.741705641
0.742191123
0.739278231
0.737174476
0.735556203
0.738792749
0.737983612
0.740734677
0.738145440
0.738307267
0.740572850
0.738792749
0.737983612
0.737012648
0.737498130
0.743000260
0.741543814
0.742676605
0.741705641
0.739278231
0.739925540
0.740734677
0.736365339
0.738954576
0.739925540
0.741867468
0.741543814
0.738954576
0.737983612
0.739763713
0.737983612
0.735070721
0.736365339
0.740087368
0.738792749
0.739116404
0.739440058
0.737498130
0.738145440
0.736850821
0.736688994
0.740087368
0.738145440
0.747531425
0.739440058
0.743162087
0.742352950
0.736850821
0.736203512
0.737983612
0.738792749
0.737983612
0.737012648
0.737659958
0.737012648
0.740087368
0.739763713
0.738954576
0.740249195
0.737821785
0.737174476
0.737012648
0.740249195
0.736527166
0.735232548
0.740734677
0.741058332
0.739116404
0.736203512
0.735070721
0.737174476
0.736850821
0.736041685
0.748340561
0.737174476
0.742676605
0.743000260
0.739440058
0.741543814
0.743000260
0.737336303
0.737498130
0.740087368
0.739763713
0.739440058
0.740572850
0.742352950
0.740249195
0.738792749
0.735394375
0.737336303
0.736850821
0.738145440
0.737821785
0.738630922
0.740896504
0.743000260
0.737821785
0.737336303
0.739116404
0.739440058
0.741705641
0.738954576
0.737659958
0.738469094
0.738145440
0.739763713
0.737821785
0.735879857
0.737498130
0.741381986
0.739278231
0.738954576
0.740572850
0.735879857
0.742029296
0.740572850
0.739278231
0.738469094
0.737983612
0.741058332
0.742352950
0.741543814
0.746560461
0.741543814
0.741705641
0.739601886
0.735232548
0.739116404
0.743647569
0.741867468
0.737174476
0.740087368
0.738954576
0.738792749
0.740411022
0.736850821
0.734099757
0.736203512
0.734099757
0.737336303
0.743323914
0.741705641
0.737336303
0.736688994
0.735556203
0.736688994
0.735879857
0.751577108
0.739116404
0.739278231
0.740896504
0.739440058
0.736041685
0.738792749
0.739763713
0.737821785
0.735394375
0.738630922
0.738630922
0.738307267
0.740411022
0.740249195
0.735394375
0.735718030
0.741867468
0.739440058
0.738630922
0.736688994
0.735879857
0.738954576
0.739440058
0.737498130
0.747369597
0.740734677
0.743162087
0.740411022
0.739925540
0.736203512
0.740572850
0.740087368
0.742838432
0.740411022
0.740572850
0.737983612
0.741220159
0.739601886
0.737659958
0.738792749
0.739601886
0.740734677
0.741381986
0.746560461
0.741705641
0.739440058
0.742514778
0.738145440
0.736850821
0.737821785
0.740896504
0.740249195
0.741058332
0.740087368
0.737659958
0.743971224
0.743323914
0.738145440
0.737659958
0.737821785
0.737498130
0.740087368
0.739601886
0.737983612
0.737498130
0.736041685
0.741705641
0.741220159
0.739763713
0.737174476
0.737498130
0.738145440
0.739763713
0.737012648
0.736527166
0.740087368
0.741867468
0.744456706
0.738630922
0.739116404
0.737659958
0.734908893
0.737498130
0.738307267
0.736041685
0.737983612
0.738954576
0.738954576
0.738792749
0.737821785
0.735070721
0.738954576
0.742676605
0.739278231
0.749149698
0.740411022
0.743647569
0.743647569
0.737821785
0.737336303
0.738307267
0.740087368
0.739278231
0.739763713
0.737983612
0.739440058
0.741220159
0.738145440
0.736527166
0.738307267
0.738954576
0.738630922
0.741543814
0.741058332
0.740734677
0.739763713
0.741867468
0.742514778
0.737659958
0.740249195
0.737498130
0.739763713
0.738469094
0.736850821
0.746236806
0.736041685
0.738954576
0.739116404
0.741058332
0.740572850
0.736365339
0.737498130
0.742514778
0.741705641
0.745265842
0.739116404
0.739440058
0.737498130
0.735394375
0.737659958
0.737174476
0.742029296
0.739763713
0.742352950
0.740087368
0.738469094
0.741705641
0.738145440
0.736850821
0.738145440
0.739763713
0.738307267
0.741543814
0.738954576
0.738307267
0.734423411
0.738630922
0.738792749
0.736203512
0.738469094
0.738469094
0.743000260
0.738469094
0.741220159
0.738469094
0.735556203
0.739601886
0.739925540
0.739116404
0.737012648
0.737174476
0.738469094
0.741867468
0.739116404
0.740249195
0.740411022
0.743647569
0.745913152
0.738630922
0.738792749
0.738145440
0.740249195
0.740572850
0.741867468
0.741058332
0.740087368
0.741705641
0.740087368
0.737659958
0.740734677
0.736203512
0.739116404
0.742191123
0.741867468
0.740249195
0.738469094
0.738954576
0.740734677
0.739278231
0.738307267
0.738307267
0.743162087
0.738307267
0.741220159
0.744133051
0.739278231
0.741381986
0.740411022
0.740572850
0.737659958
0.742029296
0.738307267
0.738792749
0.738630922
0.737659958
0.738630922
0.742029296
0.742352950
0.739440058
0.739278231
0.735556203
0.738954576
0.737498130
0.739440058
0.748178734
0.739278231
0.743000260
0.743000260
0.740572850
0.739440058
0.737336303
0.735232548
0.740572850
0.739763713
0.739601886
0.737336303
0.741058332
0.739440058
0.735879857
0.738307267
0.737336303
0.739925540
0.740087368
0.742352950
0.742191123
0.740572850
0.743323914
0.741867468
0.740087368
0.741543814
0.741705641
0.740411022
0.740411022
0.738630922
0.737012648
0.734747066
0.737983612
0.738954576
0.737821785
0.737983612
0.735394375
0.739116404
0.737174476
0.744133051
0.736203512
0.733776102
0.743323914
0.743809396
0.740896504
0.739278231
0.737983612
0.734908893
0.737498130
0.745589497
0.736041685
0.739925540
0.744456706
0.741867468
0.738145440
0.742676605
0.737336303
0.740734677
0.737821785
0.739763713
0.740249195
0.741705641
0.743000260
0.742029296
0.740087368
0.739601886
0.738469094
0.741543814
0.745913152
0.745427670
0.750444317
0.744133051
0.741220159
0.739278231
0.735879857
0.736203512
0.736688994
0.743323914
0.737336303
0.739601886
0.738954576
0.737012648
0.737821785
0.739440058
0.738630922
0.739925540
0.741381986
0.743809396
0.745913152
0.743000260
0.742191123
0.738954576
0.743162087
0.742191123
0.738145440
0.740896504
0.738630922
0.739440058
0.739601886
0.738954576
0.739763713
0.738307267
0.741381986
0.743647569
0.738792749
0.742191123
0.741381986
0.739601886
0.741867468
0.741220159
0.742838432
0.745104015
0.742191123
0.739925540
0.736527166
0.737983612
0.745913152
0.743809396
0.740896504
0.739440058
0.742676605
0.740411022
0.739763713
0.738954576
0.735232548
0.737012648
0.738307267
0.739440058
0.739925540
0.740411022
0.737174476
0.735070721
0.738630922
0.738307267
0.735879857
0.740411022
0.741705641
0.742514778
0.743323914
0.741381986
0.739601886
0.734908893
0.741705641
0.740087368
0.739440058
0.737659958
0.739440058
0.737498130
0.740087368
0.733776102
0.736041685
0.736688994
0.740411022
0.741543814
0.739763713
0.738792749
0.740087368
0.742676605
0.738469094
0.741543814
0.741381986
0.738630922
0.741705641
0.739601886
0.736527166
0.739440058
0.737336303
0.736850821
0.742029296
0.744456706
0.739440058
0.737821785
0.741381986
0.738954576
0.735394375
0.739116404
0.743000260
0.740734677
0.742676605
0.739925540
0.735232548
0.734261584
0.734585239
0.738307267
0.739925540
0.743323914
0.739116404
0.740249195
0.741543814
0.738307267
0.734908893
0.737174476
0.742191123
0.745913152
0.741381986
0.741705641
0.739440058
0.739601886
0.738145440
0.738792749
0.737336303
0.737336303
0.742676605
0.742838432
0.741543814
0.739763713
0.738792749
0.738145440
0.747207770
0.735556203
0.736688994
0.737983612
0.739278231
0.742191123
0.739925540
0.736850821
0.738145440
0.738307267
0.736203512
0.740087368
0.737336303
0.738145440
0.742514778
0.741220159
0.738307267
0.740411022
0.741058332
0.739440058
0.738792749
0.735394375
0.742838432
0.738792749
0.738307267
0.738469094
0.737336303
0.738307267
0.737498130
0.738630922
0.736203512
0.734747066
0.734585239
0.735232548
0.739925540
0.741381986
0.740572850
0.739763713
0.739116404
0.737498130
0.737659958
0.734261584
0.733937929
0.737659958
0.740411022
0.746722288
0.739763713
0.736365339
0.738469094
0.741543814
0.738145440
0.740087368
0.740572850
0.741381986
0.744133051
0.743000260
0.739116404
0.738307267
0.738145440
0.738792749
0.739925540
0.738145440
0.739601886
0.739440058
0.742029296
0.741381986
0.737336303
0.738145440
0.737498130
0.739601886
0.739925540
0.738954576
0.740087368
0.737174476
0.741867468
0.740734677
0.737498130
0.738145440
0.739440058
0.737012648
0.738630922
0.736203512
0.750444317
0.736203512
0.741058332
0.743971224
0.741058332
0.740411022
0.737498130
0.740411022
0.739278231
0.738630922
0.737983612
0.738630922
0.742514778
0.741058332
0.737498130
0.735232548
0.737336303
0.732805138
0.737336303
0.734261584
0.737659958
0.738145440
0.741058332
0.740734677
0.736365339
0.737983612
0.739601886
0.740249195
0.740249195
0.742676605
0.742029296
0.737659958
0.742352950
0.739278231
0.736041685
0.736527166
0.740572850
0.738469094
0.744456706
0.736203512
0.745265842
0.736365339
0.732319656
0.735556203
0.733128793
0.736203512
0.739925540
0.740896504
0.742029296
0.740896504
0.737498130
0.738469094
0.740249195
0.741381986
0.737821785
0.737336303
0.738630922
0.737821785
0.741381986
0.738145440
0.738792749
0.738954576
0.743162087
0.739763713
0.738145440
0.737821785
0.739925540
0.748987871
0.738792749
0.744942188
0.746074979
0.743000260
0.744942188
0.747045943
0.737983612
0.740572850
0.736527166
0.738954576
0.742838432
0.740087368
0.735879857
0.734747066
0.736527166
0.736850821
0.734261584
0.735556203
0.736365339
0.738630922
0.738792749
0.738792749
0.738469094
0.737498130
0.737983612
0.740734677
0.741058332
0.741058332
0.742191123
0.743647569
0.743971224
0.742029296
0.745913152
0.737174476
0.737336303
0.739116404
0.738792749
0.737336303
0.736527166
0.737983612
0.736365339
0.735556203
0.734099757
0.735394375
0.743809396
0.741543814
0.737174476
0.738630922
0.737336303
0.738307267
0.738469094
0.737336303
0.737498130
0.735070721
0.741381986
0.739763713
0.736203512
0.736688994
0.737174476
0.737498130
0.739763713
0.738954576
0.743971224
0.744133051
0.740572850
0.741381986
0.739440058
0.737983612
0.739440058
0.741543814
0.741867468
0.739763713
0.737012648
0.736527166
0.738145440
0.744456706
0.747369597
0.737174476
0.736527166
0.738792749
0.736850821
0.737659958
0.734585239
0.734747066
0.742514778
0.745265842
0.739763713
0.741381986
0.736688994
0.738145440
0.740572850
0.738954576
0.736041685
0.737821785
0.743647569
0.742191123
0.740572850
0.737659958
0.737498130
0.737659958
0.730377728
0.737498130
0.743485742
0.741705641
0.743000260
0.741867468
0.740572850
0.736688994
0.738145440
0.736041685
0.739763713
0.738469094
0.740087368
0.740249195
0.742676605
0.743971224
0.751415281
0.740249195
0.737174476
0.737336303
0.732966965
0.736365339
0.736041685
0.736527166
0.742191123
0.743000260
0.738469094
0.739278231
0.737498130
0.736365339
0.739278231
0.735394375
0.740896504
0.739440058
0.746398634
0.742676605
0.740896504
0.739278231
0.735556203
0.736041685
0.735556203
0.735556203
0.738469094
0.739278231
0.741867468
0.737983612
0.737174476
0.733776102
0.733937929
0.733614275
0.741220159
0.738954576
0.740411022
0.740896504
0.742514778
0.741705641
0.737174476
0.734908893
0.736365339
0.739278231
0.740572850
0.738954576
0.738307267
0.737983612
0.742029296
0.734261584
0.738145440
0.733776102
0.737336303
0.738307267
0.742352950
0.739763713
0.739925540
0.741058332
0.743485742
0.739763713
0.739278231
0.741058332
0.740572850
0.743647569
0.737498130
0.740087368
0.739116404
0.734261584
0.740896504
0.740572850
0.736850821
0.738145440
0.736527166
0.735556203
0.737659958
0.737659958
0.747207770
0.740411022
0.741867468
0.742352950
0.738630922
0.736041685
0.736527166
0.736688994
0.736688994
0.740572850
0.741543814
0.740249195
0.742514778
0.748826043
0.736850821
0.735556203
0.735556203
0.736365339
0.739925540
0.741867468
0.739278231
0.737336303
0.737012648
0.740087368
0.736041685
0.736527166
0.739763713
0.741867468
0.740087368
0.739925540
0.740896504
0.738954576
0.739925540
0.740896504
0.737174476
0.738954576
0.738630922
0.737983612
0.741381986
0.737498130
0.743809396
0.735556203
0.738145440
0.739925540
0.738145440
0.739116404
0.739440058
0.740411022
0.739925540
0.739440058
0.739116404
0.738630922
0.742352950
0.740734677
0.737174476
0.738469094
0.736365339
0.736041685
0.736850821
0.736365339
0.746722288
0.735556203
0.738630922
0.740734677
0.736365339
0.739440058
0.738954576
0.739278231
0.741058332
0.737174476
0.744456706
0.736850821
0.739116404
0.740734677
0.735718030
0.741220159
0.738792749
0.737336303
0.740572850
0.738307267
0.733614275
0.742352950
0.739601886
0.740572850
0.742191123
0.742029296
0.741381986
0.743000260
0.738792749
0.740572850
0.741867468
0.736688994
0.741705641
0.742191123
0.739278231
0.737012648
0.736365339
0.737498130
0.739278231
0.736203512
0.738792749
0.740411022
0.742352950
0.745265842
0.738954576
0.741705641
0.742191123
0.740734677
0.737821785
0.739278231
0.738792749
0.743485742
0.740734677
0.741058332
0.736527166
0.736365339
0.736688994
0.737336303
0.742191123
0.741381986
0.739278231
0.739278231
0.739763713
0.741867468
0.738307267
0.737498130
0.738792749
0.741220159
0.740896504
0.738792749
0.736850821
0.734585239
0.740734677
0.738145440
0.741058332
0.741381986
0.737821785
0.737983612
0.738630922
0.737174476
0.733128793
0.732805138
0.737498130
0.741058332
0.737012648
0.738307267
0.740249195
0.736850821
0.737174476
0.736365339
0.734747066
0.742191123
0.741867468
0.744942188
0.739925540
0.742676605
0.737983612
0.737983612
0.743809396
0.747855079
0.743647569
0.738954576
0.739440058
0.739925540
0.739440058
0.738792749
0.736850821
0.739925540
0.739601886
0.742514778
0.737659958
0.737983612
0.740896504
0.741705641
0.736041685
0.741705641
0.740572850
0.739278231
0.740734677
0.736688994
0.734423411
0.743323914
0.740896504
0.741867468
0.741220159
0.741705641
0.742838432
0.742029296
0.740087368
0.739278231
0.736850821
0.739440058
0.743323914
0.743000260
0.742352950
0.744133051
0.738145440
0.736850821
0.737498130
0.735879857
0.737659958
0.738307267
0.742029296
0.739763713
0.739116404
0.736365339
0.734747066
0.738145440
0.735879857
0.737821785
0.738307267
0.740734677
0.744294878
0.742191123
0.737498130
0.737174476
0.736688994
0.736850821
0.739601886
0.739601886
0.739278231
0.737659958
0.739116404
0.739601886
0.736365339
0.734261584
0.734747066
0.739763713
0.739278231
0.737659958
0.735556203
0.735879857
0.738307267
0.736203512
0.736850821
0.739116404
0.738630922
0.739440058
0.740572850
0.737983612
0.738307267
0.737012648
0.741058332
0.740411022
0.740087368
0.740734677
0.738469094
0.737174476
0.737336303
0.736203512
0.736365339
0.742352950
0.746884116
0.743000260
0.739763713
0.739116404
0.738145440
0.740896504
0.749635180
0.747855079
0.744294878
0.740896504
0.744618533
0.745265842
0.737983612
0.739440058
0.737659958
0.743323914
0.737336303
0.737012648
0.736041685
0.737336303
0.741058332
0.742029296
0.739925540
0.740734677
0.737659958
0.739116404
0.740734677
0.741705641
0.737659958
0.738630922
0.741705641
0.743000260
0.743162087
0.745104015
0.739763713
0.738954576
0.735232548
0.736041685
0.736041685
0.734261584
0.740411022
0.740411022
0.738145440
0.737983612
0.735718030
0.735718030
0.748502389
0.739925540
0.738954576
0.739601886
0.746560461
0.743647569
0.742676605
0.738954576
0.738792749
0.739278231
0.735394375
0.736527166
0.736365339
0.738469094
0.740087368
0.738307267
0.738469094
0.739278231
0.736365339
0.736527166
0.739278231
0.737336303
0.743647569
0.744294878
0.741381986
0.740411022
0.737659958
0.741220159
0.741058332
0.741058332
0.737174476
0.737659958
0.736850821
0.736365339
0.740249195
0.740572850
0.740249195
0.740734677
0.740249195
0.739440058
0.739601886
0.737174476
0.733937929
0.735879857
0.739278231
0.742514778
0.741867468
0.740896504
0.740087368
0.738954576
0.736850821
0.732643311
0.735879857
0.740572850
0.742352950
0.742676605
0.743323914
0.744942188
0.737821785
0.735394375
0.737659958
0.735879857
0.735394375
0.736850821
0.743647569
0.739763713
0.739925540
0.739601886
0.738469094
0.738307267
0.738307267
0.739116404
0.739763713
0.741220159
0.749311525
0.741705641
0.738792749
0.742352950
0.734585239
0.734747066
0.738630922
0.735232548
0.733614275
0.734261584
0.739440058
0.741705641
0.738954576
0.738469094
0.737821785
0.737498130
0.736527166
0.735879857
0.743647569
0.735556203
0.740087368
0.741867468
0.738307267
0.737821785
0.737983612
0.736688994
0.745751324
0.731025037
0.733614275
0.737498130
0.741543814
0.742029296
0.748664216
0.739925540
0.741058332
0.739116404
0.735232548
0.739763713
0.739278231
0.738307267
0.741543814
0.738307267
0.739278231
0.748987871
0.740572850
0.738307267
0.740734677
0.738145440
0.736850821
0.737821785
0.742838432
0.741867468
0.736527166
0.739925540
0.739278231
0.736688994
0.732966965
0.738792749
0.733937929
0.737659958
0.738630922
0.739763713
0.740087368
0.739440058
0.738630922
0.738145440
0.738792749
0.735879857
0.736527166
0.739763713
0.745589497
0.740734677
0.741705641
0.739116404
0.734585239
0.737174476
0.735070721
0.735232548
0.739116404
0.738630922
0.744942188
0.742838432
0.740087368
0.739278231
0.738469094
0.736203512
0.737821785
0.734908893
0.736850821
0.738469094
0.740249195
0.738630922
0.736527166
0.736850821
0.737821785
0.737498130
0.737336303
0.738307267
0.738145440
0.736527166
0.738954576
0.746074979
0.742352950
0.739601886
0.739278231
0.739440058
0.741867468
0.738954576
0.744618533
0.739440058
0.743809396
0.745104015
0.745104015
0.745913152
0.744133051
0.742191123
0.743809396
0.742676605
0.737498130
0.735232548
0.740734677
0.740087368
0.738954576
0.739116404
0.735394375
0.735232548
0.736203512
0.734908893
0.736203512
0.738954576
0.741058332
0.742352950
0.737336303
0.739601886
0.738954576
0.736203512
0.735394375
0.740087368
0.738630922
0.737498130
0.737821785
0.737174476
0.735232548
0.735718030
0.735718030
0.735879857
0.738469094
0.737012648
0.737174476
0.738145440
0.743000260
0.741381986
0.738145440
0.737498130
0.739278231
0.740572850
0.734585239
0.737821785
0.736365339
0.735556203
0.739601886
0.740896504
0.739116404
0.739440058
0.737659958
0.738630922
0.736850821
0.734585239
0.735070721
0.736527166
0.743162087
0.742838432
0.738954576
0.737821785
0.737983612
0.738630922
0.735556203
0.736850821
0.739601886
0.738145440
0.741867468
0.743485742
0.741705641
0.738469094
0.739601886
0.736527166
0.736041685
0.737012648
0.738307267
0.741058332
0.742838432
0.741867468
0.740572850
0.737174476
0.736527166
0.738469094
0.738145440
0.738307267
0.740896504
0.738792749
0.742676605
0.740087368
0.735556203
0.738469094
0.735232548
0.736041685
0.737821785
0.737659958
0.739116404
0.738145440
0.739601886
0.742514778
0.738145440
0.739278231
0.738792749
0.744294878
0.737659958
0.736688994
0.737336303
0.738792749
0.742838432
0.743809396
0.740249195
0.739278231
0.734423411
0.735394375
0.736041685
0.735070721
0.735879857
0.738792749
0.742191123
0.740411022
0.737336303
0.737336303
0.736850821
0.734908893
0.735394375
0.737983612
0.739116404
0.738792749
0.740249195
0.739925540
0.737983612
0.735556203
0.736850821
0.738145440
0.740087368
0.740734677
0.745265842
0.739116404
0.742838432
0.742514778
0.736688994
0.735879857
0.734423411
0.741867468
0.737498130
0.738145440
0.738630922
0.737336303
0.739601886
0.738792749
0.739763713
0.741381986
0.738145440
0.742029296
0.740087368
0.741867468
0.746884116
0.740572850
0.743647569
0.743647569
0.738307267
0.739278231
0.737821785
0.740896504
0.739601886
0.739763713
0.739925540
0.741381986
0.740896504
0.741867468
0.738307267
0.737012648
0.738307267
0.737174476
0.741543814
0.741867468
0.740572850
0.741705641
0.741543814
0.739278231
0.735070721
0.735070721
0.736850821
0.738792749
0.739763713
0.739763713
0.740249195
0.736688994
0.738307267
0.739278231
0.734261584
0.736203512
0.741543814
0.739763713
0.740087368
0.738630922
0.739601886
0.735070721
0.737659958
0.738954576
0.736527166
0.737983612
0.739925540
0.740249195
0.741867468
0.738954576
0.737336303
0.734908893
0.738630922
0.739278231
0.737821785
0.736527166
0.739278231
0.739278231
0.739601886
0.738307267
0.736527166
0.738307267
0.741058332
0.740411022
0.738954576
0.739763713
0.744618533
0.744618533
0.747045943
0.745751324
0.744942188
0.741705641
0.740087368
0.739440058
0.734908893
0.737012648
0.741543814
0.744618533
0.742838432
0.740734677
0.739440058
0.737659958
0.741381986
0.740572850
0.738145440
0.738630922
0.741867468
0.743323914
0.739440058
0.739601886
0.737336303
0.736041685
0.742352950
0.740734677
0.741220159
0.748502389
0.744133051
0.740734677
0.739440058
0.735879857
0.732157829
0.736041685
0.743000260
0.742514778
0.737498130
0.739278231
0.738792749
0.739116404
0.736365339
0.734099757
0.735394375
0.736365339
0.742838432
0.740411022
0.740249195
0.739925540
0.740087368
0.735718030
0.738792749
0.737821785
0.739116404
0.738469094
0.743485742
0.748016907
0.740572850
0.747207770
0.746884116
0.746236806
0.746236806
0.744780360
0.742676605
0.745751324
0.746722288
0.739278231
0.736203512
0.737821785
0.739116404
0.733128793
0.737174476
0.732157829
0.736203512
0.742514778
0.741058332
0.739116404
0.740896504
0.738630922
0.741543814
0.737336303
0.736203512
0.735556203
0.737174476
0.738307267
0.742191123
0.744133051
0.743809396
0.748178734
0.742676605
0.739763713
0.740249195
0.739278231
0.747693252
0.748178734
0.745265842
0.744294878
0.739763713
0.744780360
0.732805138
0.731834174
0.733776102
0.734585239
0.737012648
0.737498130
0.740734677
0.736850821
0.734261584
0.735070721
0.735394375
0.737659958
0.739601886
0.740411022
0.747369597
0.742676605
0.743971224
0.742676605
0.737336303
0.737336303
0.736688994
0.738954576
0.737821785
0.739925540
0.737821785
0.736688994
0.741381986
0.744294878
0.737174476
0.741220159
0.737983612
0.737336303
0.740249195
0.738954576
0.737821785
0.737659958
0.727303009
0.728597628
0.735556203
0.748016907
0.755137309
0.756917410
0.753195381
0.739925540
0.725199254
0.727626664
0.721153571
0.724875599
0.732319656
0.741705641
0.745265842
0.743000260
0.747531425
0.746236806
0.737498130
0.730054073
0.727788491
0.730863210
0.734908893
0.738469094
0.745589497
0.752224417
0.748016907
0.739116404
0.734423411
0.732481483
0.733776102
0.735232548
0.737983612
0.742191123
0.742191123
0.742352950
0.742676605
0.738630922
0.733290620
0.731672347
0.736850821
0.742352950
0.743809396
0.745913152
0.744456706
0.741867468
0.736365339
0.732481483
0.730215901
0.734261584
0.740572850
0.743162087
0.742191123
0.740249195
0.738792749
0.736365339
0.734908893
0.733937929
0.737174476
0.743971224
0.746560461
0.746884116
0.742029296
0.741220159
0.737174476
0.735394375
0.733937929
0.737659958
0.738792749
0.742514778
0.744942188
0.742514778
0.738307267
0.736527166
0.736688994
0.735718030
0.738145440
0.738792749
0.740411022
0.737336303
0.740249195
0.738145440
0.734585239
0.733776102
0.734585239
0.738145440
0.736365339
0.741543814
0.738792749
0.738307267
0.745265842
0.745589497
0.745751324
0.747045943
0.747369597
0.746884116
0.747369597
0.748178734
0.748826043
0.747531425
0.746560461
0.747855079
0.744294878
0.745265842
0.744294878
0.742838432
0.745265842
0.745427670
0.747369597
0.747531425
0.747531425
0.747369597
0.747207770
0.749311525
0.739925540
0.748178734
0.747369597
0.747207770
0.745104015
0.745751324
0.747045943
0.743162087
0.739763713
0.737498130
0.736041685
0.738307267
0.738145440
0.746722288
0.742676605
0.739278231
0.743809396
0.744456706
0.747369597
0.739116404
0.741381986
0.739601886
0.739278231
0.739116404
0.740087368
0.735232548
0.738469094
0.735070721
0.736527166
0.736365339
0.736365339
0.736203512
0.737012648
0.736365339
0.737012648
0.736850821
0.742352950
0.746722288
0.747207770
0.744942188
0.746722288
0.744780360
0.745589497
0.745913152
0.744456706
0.740087368
0.743809396
0.749149698
0.748987871
0.745913152
0.744942188
0.740734677
0.745589497
0.745751324
0.743971224
0.744294878
0.745265842
0.747045943
0.743647569
0.737659958
0.736365339
0.737821785
0.740087368
0.738307267
0.737174476
0.747045943
0.738630922
0.737498130
0.743809396
0.743485742
0.746074979
0.740249195
0.738145440
0.745104015
0.733290620
0.734423411
0.738630922
0.740572850
0.741058332
0.740896504
0.741543814
0.739601886
0.743809396
0.741381986
0.741543814
0.737821785
0.740249195
0.740734677
0.738630922
0.734747066
0.734908893
0.735556203
0.736203512
0.737336303
0.737983612
0.735556203
0.740896504
0.739601886
0.737498130
0.738469094
0.735232548
0.734261584
0.738145440
0.738307267
0.740411022
0.735879857
0.739763713
0.738469094
0.731996001
0.736203512
0.736041685
0.739601886
0.739601886
0.739440058
0.740411022
0.744780360
0.741543814
0.740572850
0.738630922
0.737498130
0.737821785
0.739925540
0.740087368
0.738792749
0.737659958
0.737983612
0.736203512
0.737498130
0.738307267
0.737498130
0.737498130
0.736850821
0.738145440
0.737174476
0.735070721
0.735070721
0.740087368
0.738469094
0.736365339
0.736203512
0.735070721
0.735232548
0.735556203
0.734908893
0.736688994
0.735879857
0.739763713
0.739763713
0.735879857
0.737336303
0.738469094
0.738469094
0.737336303
0.739116404
0.738307267
0.737174476
0.739925540
0.740572850
0.737983612
0.735879857
0.738145440
0.740411022
0.741543814
0.745265842
0.746722288
0.741058332
0.741867468
0.740087368
0.736365339
0.735232548
0.736365339
0.737498130
0.735879857
0.735879857
0.736527166
0.738307267
0.738792749
0.740896504
0.738307267
0.739440058
0.737336303
0.736688994
0.739440058
0.738954576
0.744942188
0.737336303
0.741543814
0.741705641
0.739278231
0.737336303
0.735394375
0.733776102
0.733452447
0.734747066
0.737336303
0.736203512
0.740572850
0.740896504
0.737012648
0.736203512
0.736041685
0.734423411
0.736203512
0.736688994
0.738145440
0.738145440
0.741867468
0.741220159
0.734423411
0.735232548
0.734908893
0.735232548
0.734908893
0.735718030
0.734747066
0.737983612
0.738954576
0.736850821
0.735556203
0.737498130
0.737821785
0.734423411
0.737983612
0.734585239
0.736203512
0.740896504
0.736688994
0.737174476
0.740572850
0.743162087
0.742029296
0.742514778
0.740734677
0.741381986
0.740087368
0.737659958
0.740249195
0.741705641
0.737983612
0.738145440
0.736688994
0.736041685
0.741058332
0.736527166
0.737498130
0.739763713
0.737821785
0.742352950
0.741220159
0.740411022
0.741705641
0.739278231
0.740572850
0.741543814
0.741867468
0.738792749
0.737659958
0.736527166
0.735879857
0.733452447
0.736365339
0.738307267
0.738630922
0.740087368
0.738792749
0.736850821
0.735879857
0.739116404
0.737012648
0.738307267
0.738792749
0.739116404
0.737498130
0.738469094
0.735394375
0.734261584
0.736850821
0.738145440
0.737174476
0.735556203
0.738469094
0.736688994
0.737174476
0.733614275
0.735394375
0.739601886
0.738954576
0.743647569
0.745265842
0.740087368
0.737336303
0.736041685
0.737012648
0.736688994
0.734099757
0.735070721
0.739116404
0.740087368
0.737498130
0.737012648
0.738630922
0.737174476
0.736850821
0.734423411
0.737336303
0.738792749
0.736688994
0.738469094
0.737983612
0.738469094
0.739116404
0.739116404
0.739278231
0.739925540
0.737983612
0.738145440
0.736850821
0.739925540
0.738792749
0.741705641
0.741220159
0.740411022
0.743971224
0.736203512
0.736527166
0.731672347
0.733452447
0.735879857
0.736850821
0.740572850
0.740087368
0.740087368
0.740411022
0.738469094
0.735556203
0.733290620
0.737336303
0.734423411
0.738307267
0.736688994
0.739116404
0.738954576
0.737498130
0.733776102
0.731672347
0.731672347
0.734908893
0.736850821
0.738792749
0.739601886
0.741705641
0.738469094
0.736688994
0.737498130
0.736688994
0.736203512
0.738145440
0.737659958
0.737659958
0.739116404
0.737498130
0.737174476
0.738145440
0.735394375
0.734585239
0.735879857
0.734585239
0.738145440
0.744294878
0.738307267
0.743485742
0.739925540
0.736041685
0.736527166
0.734747066
0.733776102
0.739763713
0.738145440
0.742029296
0.742191123
0.741705641
0.740087368
0.740411022
0.735070721
0.736041685
0.735556203
0.739763713
0.742352950
0.741867468
0.737983612
0.738469094
0.735718030
0.738630922
0.733776102
0.734423411
0.733290620
0.737336303
0.737821785
0.738145440
0.735070721
0.740896504
0.736688994
0.737498130
0.739925540
0.737336303
0.738307267
0.736688994
0.735394375
0.734585239
0.734585239
0.734585239
0.736688994
0.738630922
0.737174476
0.740087368
0.740249195
0.740734677
0.737336303
0.742191123
0.737821785
0.738630922
0.739601886
0.739763713
0.737498130
0.737498130
0.735070721
0.737336303
0.737821785
0.737498130
0.736365339
0.738145440
0.739925540
0.735556203
0.734423411
0.737174476
0.732481483
0.735556203
0.737821785
0.736688994
0.740087368
0.737174476
0.737012648
0.737659958
0.736041685
0.735556203
0.738469094
0.739116404
0.740087368
0.741058332
0.737821785
0.738145440
0.735394375
0.739116404
0.736688994
0.737498130
0.736041685
0.738307267
0.737174476
0.734423411
0.733937929
0.734099757
0.734099757
0.737821785
0.740411022
0.739601886
0.743323914
0.740087368
0.739116404
0.739116404
0.743971224
0.742514778
0.743000260
0.743809396
0.744133051
0.741867468
0.739601886
0.737336303
0.740249195
0.740734677
0.742029296
0.744780360
0.744456706
0.743323914
0.745104015
0.742838432
0.744618533
0.743647569
0.741705641
0.740734677
0.743971224
0.735394375
0.737821785
0.736203512
0.734747066
0.738792749
0.736365339
0.735879857
0.738792749
0.735556203
0.734423411
0.736203512
0.732481483
0.741705641
0.737498130
0.738307267
0.736203512
0.736203512
0.735879857
0.734423411
0.736365339
0.735394375
0.736850821
0.737498130
0.739601886
0.736688994
0.737983612
0.736203512
0.736365339
0.736850821
0.739116404
0.739925540
0.737336303
0.740572850
0.738307267
0.735232548
0.736365339
0.736203512
0.735556203
0.736041685
0.736850821
0.735556203
0.736365339
0.738307267
0.736850821
0.738307267
0.736365339
0.737012648
0.739925540
0.736850821
0.738145440
0.734585239
0.733614275
0.733614275
0.737983612
0.733128793
0.735879857
0.741058332
0.740411022
0.735718030
0.737659958
0.735879857
0.736365339
0.735070721
0.738630922
0.737498130
0.738954576
0.739116404
0.740572850
0.738307267
0.735556203
0.737336303
0.738469094
0.742029296
0.741543814
0.741705641
0.739601886
0.743162087
0.738954576
0.738469094
0.737012648
0.737498130
0.735718030
0.735070721
0.733614275
0.733128793
0.733776102
0.737336303
0.738145440
0.739278231
0.740896504
0.740734677
0.737983612
0.740572850
0.737821785
0.736850821
0.736850821
0.740896504
0.740087368
0.736850821
0.735232548
0.735718030
0.735718030
0.733614275
0.735556203
0.735879857
0.735879857
0.738469094
0.742029296
0.737659958
0.736203512
0.737659958
0.734747066
0.737659958
0.739278231
0.739440058
0.737012648
0.738307267
0.739116404
0.735556203
0.736203512
0.736850821
0.737336303
0.736041685
0.735556203
0.737012648
0.736688994
0.739925540
0.738792749
0.736365339
0.736203512
0.737498130
0.735556203
0.737012648
0.736527166
0.736850821
0.736850821
0.736850821
0.742029296
0.738630922
0.739763713
0.740572850
0.738469094
0.735394375
0.734747066
0.732966965
0.734261584
0.738469094
0.739278231
0.739601886
0.738469094
0.735879857
0.735879857
0.735556203
0.734423411
0.738954576
0.737983612
0.741058332
0.741867468
0.740896504
0.740896504
0.737336303
0.735070721
0.733452447
0.735556203
0.734585239
0.733776102
0.738469094
0.737336303
0.737659958
0.734261584
0.734585239
0.735879857
0.742676605
0.735394375
0.737174476
0.738630922
0.739278231
0.741220159
0.738630922
0.738145440
0.739278231
0.740249195
0.740087368
0.737012648
0.740087368
0.732805138
0.736203512
0.736850821
0.739116404
0.738469094
0.741220159
0.740572850
0.738469094
0.739278231
0.737821785
0.734908893
0.741381986
0.740896504
0.738792749
0.738469094
0.738469094
0.736203512
0.735556203
0.735394375
0.734261584
0.733937929
0.739763713
0.738145440
0.739763713
0.739601886
0.738469094
0.737336303
0.735556203
0.734261584
0.736527166
0.741058332
0.739278231
0.740572850
0.738469094
0.737821785
0.734261584
0.736203512
0.732319656
0.735879857
0.732643311
0.736850821
0.737659958
0.738145440
0.739278231
0.736527166
0.739601886
0.737659958
0.742838432
0.733452447
0.734099757
0.733452447
0.738145440
0.738792749
0.741543814
0.741543814
0.740411022
0.737983612
0.736527166
0.736850821
0.734261584
0.736688994
0.740249195
0.741867468
0.740411022
0.738145440
0.738145440
0.737659958
0.734261584
0.737012648
0.735394375
0.737174476
0.740572850
0.740087368
0.739116404
0.737659958
0.736203512
0.732966965
0.733290620
0.733290620
0.734585239
0.736365339
0.737498130
0.738307267
0.737498130
0.738954576
0.740249195
0.740572850
0.742676605
0.738145440
0.743000260
0.736365339
0.739925540
0.738469094
0.737983612
0.738792749
0.737174476
0.735556203
0.736041685
0.736041685
0.733776102
0.733128793
0.738954576
0.736688994
0.738469094
0.739763713
0.738145440
0.736203512
0.739601886
0.734099757
0.732481483
0.734747066
0.736527166
0.740249195
0.740087368
0.738630922
0.736203512
0.734908893
0.732643311
0.732643311
0.731025037
0.735879857
0.740411022
0.742029296
0.741058332
0.739925540
0.738792749
0.738145440
0.735394375
0.736850821
0.741867468
0.739278231
0.739925540
0.738792749
0.738145440
0.737336303
0.736365339
0.736688994
0.737012648
0.734261584
0.737498130
0.735556203
0.741220159
0.738145440
0.735879857
0.739440058
0.739440058
0.739925540
0.737983612
0.733128793
0.736365339
0.735718030
0.738307267
0.739440058
0.738630922
0.740411022
0.742838432
0.739763713
0.740087368
0.738792749
0.734585239
0.734261584
0.737498130
0.739278231
0.739278231
0.737498130
0.739440058
0.737983612
0.735394375
0.734423411
0.735232548
0.737012648
0.737821785
0.736365339
0.738630922
0.737659958
0.737983612
0.736850821
0.735070721
0.735394375
0.734585239
0.734747066
0.737659958
0.739278231
0.739601886
0.739278231
0.738307267
0.737659958
0.737012648
0.734908893
0.734908893
0.735070721
0.738307267
0.741867468
0.737821785
0.737983612
0.739116404
0.737821785
0.737336303
0.735879857
0.733614275
0.735232548
0.735556203
0.737498130
0.743485742
0.740734677
0.737983612
0.737821785
0.737659958
0.733290620
0.731672347
0.730377728
0.736203512
0.737174476
0.740734677
0.738792749
0.735394375
0.736041685
0.734747066
0.733776102
0.735232548
0.735556203
0.738630922
0.742838432
0.741381986
0.740896504
0.738792749
0.735879857
0.737498130
0.737659958
0.736527166
0.734585239
0.737983612
0.735394375
0.739116404
0.739116404
0.738792749
0.738307267
0.736365339
0.736850821
0.734747066
0.737983612
0.738145440
0.739601886
0.738307267
0.737498130
0.737983612
0.740572850
0.737821785
0.735718030
0.733614275
0.736850821
0.736365339
0.737821785
0.737821785
0.736850821
0.734423411
0.736041685
0.734747066
0.737336303
0.735070721
0.735718030
0.740896504
0.740249195
0.740249195
0.738954576
0.739601886
0.740896504
0.741543814
0.739440058
0.736688994
0.737498130
0.740734677
0.740087368
0.737821785
0.739116404
0.738469094
0.736527166
0.735232548
0.737174476
0.738469094
0.734261584
0.739116404
0.741220159
0.737498130
0.740896504
0.739763713
0.742514778
0.744456706
0.737659958
0.741543814
0.740087368
0.740572850
0.740249195
0.739601886
0.740411022
0.745427670
0.738630922
0.738145440
0.738469094
0.733290620
0.736203512
0.738630922
0.741058332
0.742514778
0.743647569
0.743971224
0.739601886
0.742838432
0.736203512
0.735394375
0.734099757
0.739925540
0.744133051
0.740572850
0.738469094
0.739763713
0.737498130
0.733128793
0.733776102
0.733452447
0.736365339
0.738630922
0.743323914
0.739116404
0.738469094
0.738145440
0.737174476
0.737012648
0.739278231
0.739440058
0.741220159
0.738792749
0.736365339
0.740734677
0.736850821
0.736688994
0.737498130
0.737659958
0.741381986
0.736527166
0.735718030
0.738954576
0.742191123
0.736850821
0.739116404
0.743647569
0.740734677
0.741381986
0.737659958
0.735879857
0.734908893
0.738792749
0.737659958
0.740896504
0.742514778
0.740087368
0.740734677
0.737174476
0.734261584
0.736365339
0.735718030
0.739763713
0.743809396
0.740896504
0.739763713
0.738469094
0.740411022
0.742029296
0.735232548
0.738792749
0.743323914
0.746398634
0.744133051
0.741220159
0.744294878
0.739116404
0.737821785
0.737336303
0.735394375
0.737336303
0.736203512
0.741058332
0.743971224
0.738630922
0.746398634
0.741058332
0.740411022
0.739440058
0.739440058
0.735070721
0.737174476
0.739116404
0.738954576
0.736041685
0.738630922
0.738954576
0.739116404
0.735232548
0.735556203
0.734423411
0.736850821
0.738145440
0.740087368
0.740087368
0.738630922
0.739278231
0.738307267
0.740249195
0.733614275
0.734261584
0.739116404
0.738469094
0.740734677
0.736527166
0.734423411
0.737336303
0.734099757
0.735232548
0.735232548
0.734099757
0.736365339
0.741058332
0.742352950
0.739601886
0.736850821
0.735718030
0.735394375
0.740411022
0.738307267
0.738469094
0.740087368
0.742514778
0.738954576
0.735394375
0.735879857
0.738469094
0.739116404
0.735394375
0.744133051
0.741058332
0.740087368
0.743485742
0.744133051
0.740411022
0.738954576
0.741867468
0.741220159
0.743647569
0.742029296
0.743485742
0.742676605
0.739278231
0.739925540
0.739116404
0.737498130
0.739278231
0.734908893
0.744133051
0.737659958
0.736688994
0.737983612
0.741705641
0.742029296
0.741543814
0.737174476
0.737983612
0.737336303
0.743485742
0.736527166
0.738954576
0.739440058
0.742676605
0.741220159
0.739925540
0.740572850
0.732966965
0.732643311
0.733452447
0.733290620
0.735556203
0.736203512
0.738630922
0.740734677
0.737659958
0.737336303
0.736688994
0.739278231
0.739440058
0.739440058
0.736850821
0.739763713
0.739925540
0.740249195
0.736527166
0.738469094
0.737498130
0.738469094
0.735232548
0.738145440
0.736850821
0.737012648
0.738792749
0.738307267
0.740572850
0.739116404
0.738630922
0.739278231
0.738954576
0.738792749
0.735718030
0.738145440
0.736850821
0.737821785
0.737983612
0.737983612
0.734908893
0.737012648
0.737012648
0.737012648
0.739601886
0.741220159
0.743485742
0.741058332
0.737336303
0.737659958
0.734261584
0.736688994
0.737336303
0.737336303
0.741867468
0.738954576
0.742352950
0.739601886
0.737498130
0.734261584
0.733776102
0.737821785
0.739440058
0.737336303
0.740411022
0.740087368
0.740734677
0.738307267
0.737498130
0.738630922
0.737336303
0.737983612
0.741543814
0.738145440
0.734908893
0.735232548
0.738469094
0.737012648
0.737983612
0.735394375
0.736527166
0.734747066
0.735232548
0.735070721
0.734423411
0.735232548
0.741867468
0.740249195
0.740572850
0.740087368
0.739116404
0.739925540
0.739925540
0.738630922
0.739440058
0.737659958
0.741058332
0.740734677
0.737498130
0.737821785
0.737983612
0.734747066
0.733937929
0.734747066
0.735394375
0.736688994
0.743971224
0.741058332
0.739763713
0.736527166
0.735718030
0.739116404
0.738954576
0.736850821
0.735394375
0.738630922
0.737983612
0.739763713
0.738630922
0.733937929
0.737174476
0.740572850
0.736365339
0.737659958
0.738469094
0.739925540
0.740896504
0.738954576
0.737821785
0.738145440
0.738630922
0.741867468
0.740249195
0.738630922
0.745265842
0.741705641
0.739440058
0.737821785
0.737336303
0.734585239
0.735718030
0.735394375
0.735718030
0.737498130
0.740411022
0.737498130
0.739925540
0.738954576
0.736203512
0.736688994
0.736850821
0.737983612
0.737821785
0.736688994
0.740572850
0.740087368
0.738630922
0.736688994
0.736527166
0.734099757
0.734908893
0.735232548
0.736365339
0.736203512
0.739925540
0.737498130
0.738145440
0.736850821
0.736850821
0.738307267
0.738954576
0.735718030
0.738630922
0.734261584
0.737174476
0.735718030
0.739763713
0.736041685
0.737821785
0.737336303
0.739116404
0.739116404
0.736365339
0.736850821
0.735394375
0.734747066
0.739116404
0.740572850
0.738307267
0.737821785
0.736527166
0.737821785
0.739116404
0.734747066
0.738145440
0.742838432
0.741705641
0.742352950
0.739278231
0.738792749
0.738469094
0.736850821
0.736527166
0.737012648
0.737336303
0.739601886
0.740249195
0.738630922
0.733290620
0.736850821
0.736041685
0.736688994
0.738469094
0.738145440
0.736850821
0.736365339
0.738792749
0.738792749
0.736688994
0.736850821
0.742838432
0.743162087
0.741867468
0.744294878
0.745751324
0.743162087
0.742514778
0.744294878
0.744942188
0.744942188
0.744618533
0.746398634
0.741058332
0.741381986
0.741220159
0.742352950
0.743647569
0.745104015
0.747369597
0.745427670
0.744294878
0.743647569
0.742352950
0.735556203
0.736203512
0.737498130
0.739763713
0.741381986
0.739763713
0.739601886
0.736203512
0.735718030
0.735718030
0.735718030
0.734747066
0.737821785
0.739440058
0.740087368
0.741705641
0.742676605
0.736365339
0.740411022
0.737336303
0.735879857
0.736527166
0.738307267
0.742514778
0.740411022
0.737821785
0.738307267
0.739925540
0.736850821
0.735879857
0.735070721
0.734747066
0.735394375
0.737012648
0.739440058
0.737659958
0.737983612
0.743162087
0.742838432
0.741381986
0.737336303
0.733290620
0.735556203
0.741543814
0.743000260
0.740249195
0.741058332
0.735879857
0.737174476
0.737336303
0.736688994
0.741705641
0.737659958
0.739601886
0.738307267
0.740249195
0.737659958
0.736688994
0.736527166
0.736688994
0.745751324
0.741381986
0.737498130
0.738307267
0.735394375
0.735394375
0.735879857
0.732966965
0.736203512
0.734423411
0.737012648
0.736688994
0.734423411
0.739440058
0.737174476
0.736041685
0.736041685
0.737498130
0.733128793
0.738630922
0.742029296
0.742029296
0.743971224
0.744942188
0.748826043
0.748340561
0.748664216
0.743647569
0.745104015
0.744456706
0.741867468
0.743162087
0.745265842
0.744780360
0.744942188
0.738954576
0.743000260
0.740572850
0.743162087
0.743485742
0.743485742
0.741381986
0.738630922
0.745913152
0.744294878
0.742191123
0.741058332
0.742676605
0.742352950
0.744456706
0.740249195
0.738145440
0.737498130
0.735879857
0.739763713
0.741058332
0.740734677
0.743809396
0.746236806
0.743485742
0.739440058
0.742029296
0.738954576
0.738954576
0.738792749
0.738307267
0.735070721
0.736850821
0.740411022
0.740572850
0.738145440
0.736041685
0.736365339
0.736203512
0.735879857
0.734747066
0.733452447
0.733776102
0.736365339
0.733614275
0.735556203
0.734261584
0.733937929
0.735718030
0.736203512
0.734908893
0.737012648
0.737012648
0.734747066
0.739925540
0.737659958
0.736041685
0.738630922
0.738954576
0.738469094
0.737659958
0.733776102
0.734585239
0.734585239
0.734908893
0.737821785
0.739925540
0.740087368
0.738307267
0.738469094
0.735718030
0.740411022
0.741058332
0.745427670
0.747207770
0.746236806
0.749311525
0.745589497
0.743647569
0.741220159
0.741058332
0.741220159
0.743647569
0.741543814
0.741543814
0.742029296
0.742029296
0.743323914
0.742352950
0.743000260
0.745913152
0.743809396
0.746560461
0.746398634
0.748016907
0.746560461
0.742676605
0.738469094
0.743162087
0.743809396
0.744780360
0.745751324
0.743323914
0.742838432
0.736850821
0.737659958
0.744780360
0.747531425
0.744456706
0.743971224
0.743162087
0.746236806
0.740572850
0.735232548
0.738145440
0.737659958
0.741543814
0.732805138
0.736041685
0.734585239
0.730377728
0.733776102
0.733128793
0.734261584
0.736850821
0.737498130
0.736850821
0.737498130
0.736527166
0.736850821
0.737336303
0.736203512
0.737174476
0.740087368
0.742838432
0.737498130
0.738145440
0.738145440
0.738954576
0.737983612
0.738792749
0.737012648
0.737498130
0.738307267
0.739440058
0.739440058
0.736850821
0.737821785
0.736850821
0.738145440
0.736365339
0.734585239
0.734908893
0.734908893
0.738145440
0.738145440
0.738630922
0.735394375
0.739925540
0.738954576
0.735394375
0.734585239
0.736850821
0.734261584
0.737174476
0.740087368
0.741867468
0.737174476
0.737012648
0.737659958
0.735879857
0.736850821
0.738954576
0.740087368
0.740411022
0.737659958
0.737821785
0.737498130
0.738469094
0.735718030
0.733290620
0.735879857
0.737336303
0.738145440
0.739440058
0.733452447
0.733290620
0.731025037
0.733452447
0.736527166
0.737983612
0.739925540
0.738469094
0.737012648
0.738954576
0.736527166
0.737659958
0.738630922
0.740572850
0.741867468
0.743647569
0.741220159
0.738469094
0.738469094
0.738792749
0.737012648
0.737821785
0.738630922
0.743000260
0.744780360
0.740411022
0.738954576
0.737174476
0.738145440
0.737498130
0.738792749
0.737174476
0.737336303
0.736527166
0.736041685
0.733937929
0.735070721
0.733452447
0.739925540
0.737983612
0.737821785
0.739601886
0.735556203
0.737983612
0.738307267
0.735232548
0.734908893
0.735232548
0.736527166
0.741058332
0.738469094
0.738307267
0.738954576
0.739601886
0.738954576
0.738307267
0.738307267
0.741220159
0.740249195
0.737336303
0.737983612
0.741705641
0.736041685
0.736850821
0.735879857
0.734099757
0.732157829
0.732966965
0.734099757
0.735232548
0.734261584
0.733614275
0.735394375
0.735232548
0.737498130
0.735556203
0.734747066
0.737821785
0.737821785
0.739601886
0.739116404
0.740249195
0.738145440
0.738307267
0.737498130
0.735070721
0.737174476
0.739440058
0.745751324
0.745589497
0.742029296
0.743971224
0.742029296
0.736527166
0.736688994
0.736041685
0.737174476
0.737821785
0.740896504
0.740572850
0.738792749
0.737336303
0.736365339
0.736203512
0.736203512
0.735232548
0.738630922
0.739278231
0.735556203
0.739763713
0.733290620
0.732157829
0.732319656
0.735556203
0.733937929
0.736850821
0.736365339
0.738145440
0.740087368
0.739763713
0.737174476
0.738469094
0.742029296
0.741058332
0.739925540
0.739601886
0.742838432
0.736850821
0.737498130
0.739925540
0.732966965
0.737498130
0.733614275
0.737659958
0.734099757
0.735879857
0.732966965
0.737659958
0.739440058
0.739278231
0.737336303
0.735556203
0.735556203
0.733290620
0.735879857
0.734747066
0.736527166
0.738469094
0.738469094
0.734747066
0.732481483
0.731348692
0.730863210
0.731996001
0.734747066
0.734908893
0.735556203
0.738630922
0.739116404
0.737012648
0.737012648
0.734099757
0.734908893
0.736365339
0.739763713
0.739763713
0.738792749
0.737821785
0.738469094
0.737821785
0.733776102
0.736203512
0.737012648
0.736688994
0.738145440
0.737983612
0.735879857
0.736688994
0.735394375
0.735232548
0.737174476
0.733937929
0.737498130
0.739116404
0.738630922
0.739278231
0.737336303
0.740411022
0.737174476
0.738792749
0.737174476
0.739440058
0.736688994
0.738954576
0.740411022
0.737983612
0.738954576
0.738630922
0.739440058
0.737659958
0.735556203
0.734747066
0.734908893
0.739925540
0.743809396
0.739116404
0.739440058
0.741543814
0.735718030
0.736527166
0.733614275
0.733452447
0.734747066
0.742352950
0.738307267
0.738307267
0.736365339
0.736850821
0.733290620
0.735232548
0.733614275
0.736041685
0.733937929
0.736527166
0.739763713
0.736041685
0.734261584
0.734585239
0.731348692
0.734423411
0.737659958
0.739116404
0.739278231
0.740896504
0.739925540
0.736688994
0.734747066
0.733290620
0.737983612
0.736688994
0.734908893
0.736203512
0.736041685
0.738307267
0.737498130
0.733776102
0.736527166
0.736688994
0.738307267
0.736850821
0.738307267
0.741058332
0.736365339
0.739925540
0.738792749
0.738630922
0.740087368
0.739763713
0.740572850
0.738792749
0.736365339
0.736203512
0.734585239
0.739116404
0.739440058
0.741220159
0.736850821
0.735232548
0.736203512
0.734908893
0.733128793
0.734908893
0.737174476
0.740734677
0.739601886
0.738307267
0.737174476
0.738307267
0.736041685
0.733128793
0.736527166
0.739440058
0.737821785
0.742191123
0.740249195
0.739763713
0.737498130
0.737659958
0.738145440
0.736203512
0.737659958
0.734908893
0.738145440
0.738792749
0.740734677
0.737659958
0.741220159
0.739440058
0.736203512
0.736688994
0.737821785
0.735879857
0.737821785
0.738307267
0.738469094
0.739925540
0.738630922
0.739925540
0.738469094
0.735718030
0.734908893
0.736365339
0.735718030
0.737498130
0.737659958
0.737498130
0.737821785
0.736365339
0.736688994
0.737983612
0.738145440
0.736527166
0.738954576
0.741058332
0.741867468
0.738469094
0.737498130
0.737174476
0.738145440
0.739925540
0.737498130
0.736850821
0.736688994
0.737012648
0.739116404
0.735556203
0.734908893
0.734261584
0.737336303
0.740249195
0.737174476
0.736850821
0.737659958
0.737012648
0.740087368
0.737336303
0.736203512
0.737821785
0.735394375
0.736850821
0.738145440
0.734585239
0.734908893
0.736850821
0.738145440
0.739601886
0.740896504
0.740896504
0.738469094
0.739116404
0.736527166
0.735232548
0.734747066
0.740896504
0.737174476
0.737336303
0.737498130
0.737012648
0.737821785
0.736365339
0.733614275
0.736203512
0.736527166
0.737174476
0.736365339
0.738792749
0.736688994
0.735232548
0.735394375
0.733614275
0.737336303
0.733776102
0.737012648
0.736365339
0.736527166
0.735718030
0.734908893
0.734908893
0.737659958
0.739116404
0.737659958
0.738792749
0.739601886
0.741058332
0.740411022
0.738954576
0.738630922
0.739763713
0.741381986
0.738469094
0.737498130
0.734908893
0.735556203
0.735556203
0.741058332
0.740087368
0.739601886
0.740734677
0.743000260
0.738145440
0.736041685
0.739925540
0.737012648
0.738954576
0.738954576
0.739116404
0.739440058
0.737498130
0.737659958
0.740411022
0.739925540
0.739601886
0.738630922
0.740572850
0.743809396
0.737821785
0.738630922
0.738145440
0.737336303
0.737336303
0.735232548
0.736527166
0.732805138
0.732966965
0.738792749
0.738954576
0.737336303
0.736688994
0.737336303
0.739278231
0.737174476
0.735718030
0.735070721
0.740896504
0.738145440
0.734747066
0.742514778
0.743971224
0.743162087
0.741381986
0.735556203
0.735879857
0.735556203
0.734747066
0.738469094
0.738145440
0.737821785
0.741058332
0.741220159
0.740896504
0.739440058
0.737498130
0.736527166
0.738954576
0.741543814
0.739601886
0.738630922
0.737983612
0.737336303
0.740572850
0.735879857
0.736041685
0.736041685
0.741220159
0.741543814
0.741058332
0.740411022
0.739601886
0.739925540
0.739925540
0.741705641
0.738954576
0.738469094
0.740087368
0.739601886
0.738630922
0.741381986
0.738954576
0.738145440
0.738469094
0.735070721
0.735232548
0.734585239
0.736041685
0.737012648
0.735556203
0.739116404
0.740087368
0.739278231
0.736688994
0.734908893
0.734908893
0.734585239
0.736688994
0.737498130
0.738145440
0.737498130
0.737821785
0.743647569
0.740249195
0.743000260
0.739440058
0.737821785
0.739763713
0.737983612
0.738145440
0.737012648
0.736365339
0.737336303
0.735232548
0.736527166
0.734261584
0.735394375
0.735879857
0.737659958
0.737498130
0.738792749
0.742352950
0.741058332
0.741867468
0.739440058
0.735718030
0.735718030
0.737174476
0.737012648
0.736203512
0.737012648
0.737983612
0.738630922
0.738307267
0.737012648
0.735556203
0.734585239
0.737821785
0.738145440
0.736203512
0.740411022
0.738630922
0.739440058
0.738469094
0.735718030
0.736203512
0.733776102
0.735556203
0.737498130
0.737821785
0.738307267
0.740572850
0.740249195
0.737821785
0.739116404
0.737174476
0.736527166
0.740249195
0.739440058
0.738630922
0.739278231
0.736365339
0.734585239
0.735232548
0.735070721
0.739440058
0.735556203
0.738307267
0.737174476
0.735556203
0.737498130
0.737821785
0.737012648
0.736850821
0.737174476
0.736203512
0.735879857
0.735232548
0.737498130
0.735232548
0.735070721
0.736527166
0.739925540
0.737821785
0.736041685
0.737659958
0.734099757
0.735879857
0.737983612
0.734585239
0.737336303
0.741058332
0.740896504
0.739763713
0.735556203
0.735070721
0.737012648
0.733776102
0.734099757
0.736365339
0.738792749
0.740087368
0.737983612
0.736527166
0.740411022
0.732157829
0.734099757
0.735070721
0.736527166
0.737498130
0.740572850
0.737983612
0.741220159
0.737659958
0.736041685
0.735394375
0.737821785
0.737983612
0.740087368
0.741705641
0.743162087
0.738630922
0.738469094
0.736688994
0.735718030
0.732643311
0.734261584
0.735070721
0.738307267
0.735070721
0.740249195
0.735556203
0.742352950
0.740411022
0.739278231
0.739116404
0.741543814
0.739116404
0.736203512
0.738307267
0.739440058
0.739278231
0.740087368
0.735879857
0.734261584
0.731834174
0.731510519
0.732157829
0.735879857
0.735879857
0.739925540
0.739925540
0.741220159
0.738145440
0.736527166
0.734747066
0.735556203
0.739116404
0.739278231
0.740087368
0.738792749
0.739116404
0.740572850
0.737336303
0.734423411
0.733290620
0.731510519
0.735879857
0.736365339
0.737821785
0.738954576
0.741381986
0.738792749
0.737174476
0.739116404
0.738792749
0.735556203
0.734747066
0.735718030
0.736527166
0.737336303
0.737659958
0.738630922
0.740087368
0.740411022
0.739116404
0.735394375
0.737174476
0.739601886
0.739278231
0.742514778
0.741220159
0.742514778
0.737498130
0.735070721
0.734261584
0.732966965
0.732966965
0.733776102
0.735232548
0.739601886
0.739278231
0.742676605
0.740411022
0.736850821
0.735718030
0.734261584
0.736688994
0.737983612
0.737659958
0.737659958
0.735556203
0.740087368
0.737012648
0.734908893
0.734099757
0.735070721
0.736041685
0.738792749
0.741058332
0.740249195
0.741867468
0.743323914
0.743323914
0.742676605
0.741705641
0.741058332
0.734908893
0.736203512
0.736688994
0.735718030
0.735070721
0.738954576
0.737983612
0.738954576
0.736527166
0.734099757
0.735879857
0.741705641
0.738307267
0.741381986
0.748502389
0.742514778
0.738307267
0.736365339
0.733128793
0.732643311
0.734261584
0.735718030
0.743971224
0.738630922
0.739601886
0.740087368
0.736688994
0.737983612
0.735556203
0.735070721
0.739601886
0.745751324
0.741058332
0.740734677
0.737821785
0.735879857
0.736850821
0.734585239
0.733128793
0.742838432
0.737983612
0.737498130
0.738145440
0.739116404
0.737983612
0.738954576
0.738469094
0.745104015
0.740896504
0.736203512
0.736203512
0.732966965
0.734747066
0.735232548
0.734261584
0.742514778
0.737174476
0.735070721
0.731834174
0.732966965
0.737174476
0.739116404
0.739116404
0.748016907
0.740411022
0.742029296
0.741058332
0.738145440
0.735070721
0.734423411
0.736527166
0.736527166
0.739440058
0.741058332
0.739763713
0.739116404
0.738792749
0.737498130
0.736365339
0.733614275
0.737498130
0.742029296
0.742029296
0.740572850
0.738469094
0.737012648
0.736041685
0.735232548
0.738307267
0.738630922
0.740087368
0.740572850
0.738307267
0.736688994
0.734747066
0.735394375
0.733614275
0.733290620
0.737012648
0.735232548
0.738954576
0.740087368
0.737821785
0.737498130
0.734099757
0.737983612
0.737983612
0.737336303
0.739116404
0.737983612
0.740896504
0.742838432
0.738630922
0.737821785
0.737336303
0.737174476
0.738145440
0.738145440
0.735070721
0.737174476
0.743647569
0.740411022
0.737498130
0.738792749
0.736688994
0.738307267
0.735718030
0.734423411
0.734585239
0.733776102
0.738145440
0.738469094
0.734908893
0.734908893
0.733776102
0.735070721
0.734099757
0.735879857
0.736527166
0.737983612
0.740572850
0.738145440
0.740734677
0.738954576
0.739601886
0.735556203
0.736041685
0.735879857
0.738792749
0.739116404
0.741543814
0.740734677
0.737174476
0.738145440
0.736365339
0.738792749
0.737659958
0.735879857
0.739116404
0.737498130
0.740734677
0.738954576
0.737174476
0.744133051
0.737498130
0.738469094
0.737983612
0.737336303
0.737174476
0.738307267
0.738792749
0.738469094
0.748016907
0.738630922
0.736365339
0.735394375
0.735879857
0.737821785
0.737012648
0.735070721
0.738307267
0.738792749
0.743485742
0.735070721
0.734099757
0.735879857
0.735556203
0.734261584
0.738792749
0.741705641
0.742352950
0.741381986
0.748178734
0.734099757
0.731672347
0.731186865
0.735394375
0.740087368
0.742352950
0.742514778
0.743485742
0.741867468
0.747207770
0.737336303
0.737821785
0.737983612
0.740249195
0.741705641
0.743323914
0.742514778
0.739440058
0.741058332
0.744456706
0.736850821
0.737498130
0.738145440
0.737498130
0.740087368
0.745427670
0.745589497
0.745751324
0.745913152
0.747045943
0.740249195
0.738145440
0.740087368
0.744780360
0.745104015
0.743323914
0.744456706
0.745913152
0.748178734
0.744618533
0.737336303
0.742676605
0.740572850
0.742191123
0.742514778
0.744618533
0.744456706
0.747207770
0.747207770
0.745751324
0.744133051
0.739763713
0.742029296
0.743971224
0.743971224
0.745589497
0.738792749
0.745427670
0.741381986
0.739925540
0.740411022
0.735718030
0.741543814
0.738792749
0.736527166
0.746884116
0.740411022
0.745589497
0.743647569
0.744456706
0.732643311
0.737336303
0.735556203
0.735070721
0.733128793
0.737983612
0.736850821
0.739925540
0.739116404
0.737174476
0.736365339
0.743809396
0.742676605
0.742029296
0.736527166
0.735879857
0.740734677
0.740087368
0.741705641
0.738792749
0.737012648
0.740896504
0.734908893
0.734747066
0.738145440
0.738954576
0.744133051
0.743809396
0.743000260
0.742676605
0.739278231
0.737336303
0.735879857
0.737659958
0.736365339
0.736688994
0.741705641
0.744294878
0.742838432
0.734908893
0.733776102
0.735070721
0.734423411
0.735556203
0.738469094
0.737821785
0.739440058
0.746236806
0.744618533
0.748178734
0.737983612
0.741058332
0.741543814
0.738469094
0.739278231
0.740896504
0.736850821
0.747369597
0.738307267
0.737659958
0.736688994
0.735718030
0.735232548
0.734585239
0.733614275
0.742514778
0.736850821
0.739763713
0.739116404
0.738954576
0.738630922
0.743485742
0.740572850
0.741543814
0.743647569
0.744780360
0.746236806
0.747693252
0.746722288
0.743485742
0.744618533
0.742838432
0.734261584
0.742676605
0.735070721
0.736688994
0.739440058
0.747531425
0.747369597
0.744942188
0.736203512
